TITLE = "E"
VARIABLES = "X", "Y", "Z", "F"
ZONE N=808, E=1612, F=FEPOINT, ET=TRIANGLE
0.242798 0.974208 0.053651 0.005441
0.195885 0.984782 0.000000 0.004075
0.144031 0.991241 0.052256 0.003012
0.292494 0.964221 0.000000 0.007608
0.188651 0.976842 0.133746 0.003841
0.341250 0.949710 0.054600 0.010634
0.098250 0.997548 -0.000000 0.002375
0.289084 0.955081 0.137052 0.007239
0.089364 0.989963 0.128320 0.002237
0.044953 0.999556 0.050660 0.001848
0.388450 0.937804 -0.000000 0.015071
0.228470 0.942619 0.261387 0.004517
0.131369 0.970366 0.215698 0.002693
0.389288 0.926727 0.138766 0.014704
0.000000 1.001541 0.000000 0.001541
0.441163 0.920174 0.055490 0.021971
-0.012462 0.993522 0.125201 0.001457
0.333377 0.925256 0.227470 0.009446
0.034935 0.973871 0.231770 0.001680
-0.051871 0.998785 0.048184 0.001291
0.110571 0.935215 0.342736 0.002158
0.485814 0.908893 0.000000 0.030583
0.323983 0.882566 0.362042 0.007453
0.497614 0.892551 0.144669 0.032084
0.425902 0.887101 0.259111 0.017585
0.203211 0.873204 0.449987 0.003130
-0.098128 0.996317 -0.000000 0.001137
-0.095459 0.970544 0.226102 0.001095
-0.098780 0.990241 0.109266 0.001136
0.545833 0.890583 0.054315 0.045956
-0.016092 0.925760 0.381105 0.001266
-0.145992 0.989124 0.048829 0.001031
0.071977 0.851791 0.521855 0.001530
0.430878 0.811567 0.429196 0.014153
0.299991 0.786132 0.548921 0.004645
0.563635 0.832747 0.283339 0.044717
0.589507 0.882261 -0.000000 0.061086
0.616411 0.865053 0.133114 0.070514
-0.185991 0.974963 0.129574 0.000967
-0.195278 0.981732 0.000000 0.000966
-0.151572 0.904787 0.400297 0.000926
0.164120 0.751863 0.641534 0.001897
-0.064128 0.825555 0.562401 0.000974
0.656589 0.868631 0.050034 0.090016
-0.229906 0.941167 0.251339 0.000911
0.397786 0.685871 0.621274 0.007290
0.543745 0.725331 0.487979 0.029508
-0.243203 0.969541 0.052121 0.000936
0.720597 0.828924 0.208268 0.117922
0.027751 0.713467 0.701641 0.001052
0.257255 0.646710 0.721530 0.002506
0.709140 0.864090 0.000000 0.117825
0.721498 0.855193 0.109170 0.124203
0.699097 0.756439 0.365493 0.092942
-0.293455 0.947319 0.135440 0.000936
-0.201867 0.795417 0.572900 0.000825
-0.285657 0.871606 0.400607 0.000891
-0.290559 0.957842 0.000000 0.000943
0.124008 0.630019 0.768300 0.001293
0.493997 0.580687 0.665208 0.011797
-0.108337 0.686898 0.719742 0.000797
0.782501 0.858492 0.050274 0.162689
0.358785 0.554000 0.756437 0.003913
-0.350160 0.904874 0.246076 0.000981
0.655308 0.633412 0.533515 0.056066
0.844067 0.846441 0.130184 0.202438
-0.341681 0.939428 0.051944 0.000984
0.904590 0.796785 0.260900 0.233376
-0.015871 0.606048 0.796333 0.000846
0.225192 0.535607 0.816011 0.001729
-0.338914 0.763320 0.551673 0.000930
0.859500 0.859500 -0.000000 0.215516
-0.244353 0.655137 0.716010 0.000792
0.824111 0.693974 0.423479 0.157624
-0.396893 0.910041 0.128317 0.001081
-0.412682 0.833054 0.371395 0.001109
0.459634 0.452624 0.772344 0.006303
-0.383086 0.924853 -0.000000 0.001054
0.594002 0.479881 0.677414 0.020791
0.083482 0.510112 0.857178 0.000968
0.941725 0.858956 0.056406 0.275866
-0.157975 0.576038 0.802928 0.000735
0.327634 0.432063 0.843180 0.002484
1.003375 0.847070 0.136483 0.320195
-0.458687 0.862642 0.219121 0.001279
0.791548 0.555833 0.543545 0.109477
-0.434763 0.900573 0.048294 0.001190
1.083664 0.700126 0.389175 0.347576
-0.381098 0.625576 0.682263 0.001031
-0.474964 0.728643 0.496239 0.001382
-0.061677 0.479860 0.876004 0.000726
0.185474 0.404347 0.896938 0.001197
1.177968 0.828633 0.193829 0.453207
1.054011 0.865005 0.000000 0.363516
-0.298156 0.541065 0.787431 0.000848
0.557433 0.346481 0.768000 0.010250
0.428936 0.323731 0.847804 0.003773
-0.487701 0.867442 0.111968 0.001421
-0.529924 0.790520 0.312534 0.001708
-0.472026 0.883097 0.000000 0.001333
1.144680 0.862298 0.069147 0.434794
0.709492 0.385241 0.662590 0.044422
0.039290 0.372074 0.928204 0.000773
-0.207075 0.446982 0.871091 0.000737
0.984483 0.483965 0.543643 0.224327
0.287611 0.294601 0.913057 0.001590
-0.521249 0.600278 0.609585 0.001813
1.441157 0.774541 0.241243 0.653797
-0.549435 0.819458 0.174169 0.001861
-0.431976 0.501977 0.750959 0.001262
-0.518181 0.856033 0.043433 0.001594
-0.614955 0.682607 0.401941 0.002835
0.526914 0.213253 0.829997 0.005988
1.369441 0.605920 0.413378 0.553509
1.396757 0.846479 0.088412 0.635625
-0.107204 0.339111 0.935347 0.000681
1.293301 0.864155 -0.000000 0.555439
0.140369 0.260385 0.956173 0.000885
0.649687 0.237884 0.745006 0.016718
-0.349980 0.411874 0.842540 0.000999
0.389317 0.183910 0.905081 0.002278
-0.554959 0.828953 0.093149 0.001908
0.851790 0.290320 0.632149 0.099748
-0.626020 0.750948 0.223617 0.002910
-0.556619 0.833040 -0.000000 0.001889
-0.561041 0.466668 0.687093 0.002318
-0.005522 0.225402 0.974947 0.000679
-0.636658 0.566187 0.530614 0.003720
1.197005 0.383186 0.525720 0.362363
-0.253946 0.306750 0.918171 0.000811
1.685550 0.662310 0.246396 0.827688
1.657874 0.777708 0.099790 0.833939
0.241486 0.150153 0.959858 0.001095
-0.486164 0.374430 0.791824 0.001767
-0.617361 0.782013 0.112716 0.002689
1.549765 0.828367 0.000000 0.757261
0.618090 0.102497 0.791633 0.009566
-0.593709 0.806375 0.043546 0.002310
0.488502 0.072741 0.873520 0.003475
-0.711124 0.667207 0.245097 0.005453
-0.725007 0.585726 0.380708 0.006802
0.752187 0.132367 0.697157 0.034086
-0.150608 0.193667 0.970162 0.000702
1.581025 0.473476 0.382899 0.694234
0.093328 0.114458 0.989770 0.000727
-0.399000 0.273274 0.876774 0.001305
1.016543 0.184983 0.578696 0.184258
0.344465 0.040337 0.939507 0.001477
-0.721426 0.459624 0.532501 0.007605
-0.693245 0.715506 0.128617 0.004530
-0.611684 0.335690 0.721767 0.003888
-0.636277 0.775305 0.000000 0.002969
1.838932 0.640908 0.097010 0.949832
1.769792 0.733071 -0.000000 0.915608
-0.048151 0.081276 0.996189 0.000658
-0.668038 0.747525 0.048463 0.003702
-0.298839 0.163016 0.941323 0.000983
1.382429 0.257555 0.459733 0.479460
1.810000 0.501891 0.216366 0.890716
0.580097 -0.037137 0.820296 0.005375
0.194188 0.007312 0.981795 0.000842
0.698223 -0.005518 0.735916 0.014455
-0.536334 0.237621 0.813259 0.002750
-0.790928 0.585009 0.234290 0.011284
0.445526 -0.070272 0.894903 0.002139
0.889095 0.025699 0.610331 0.078728
-0.768453 0.639508 0.133079 0.008563
-0.815865 0.505239 0.333179 0.015830
-0.193457 0.051220 0.980579 0.000792
0.048554 -0.024050 0.999197 0.000665
-0.767187 0.309099 0.588173 0.014922
1.684391 0.321329 0.304967 0.741675
-0.445347 0.130564 0.887915 0.001884
1.174879 0.063660 0.483250 0.271976
-0.741387 0.678862 0.051831 0.006576
1.893171 0.574288 0.000000 0.978359
-0.710701 0.710701 -0.000000 0.005082
0.299144 -0.102860 0.949772 0.001067
1.889130 0.461669 0.085592 0.946605
-0.659156 0.199786 0.734341 0.006806
-0.856701 0.397496 0.403849 0.027148
0.658807 -0.141369 0.749590 0.007917
-0.091249 -0.056104 0.994949 0.000698
0.537446 -0.177702 0.828191 0.003158
-0.343907 0.019442 0.940208 0.001320
0.809774 -0.112694 0.631612 0.033135
1.489809 0.120590 0.339624 0.532781
-0.836039 0.563492 0.129948 0.016549
0.150573 -0.133536 0.980277 0.000724
1.816089 0.352805 0.174147 0.858219
-0.851910 0.520903 0.211692 0.020737
-0.581186 0.096767 0.813698 0.004612
1.012347 -0.088557 0.490758 0.128508
-0.810437 0.604538 0.052567 0.012441
0.400704 -0.213169 0.892687 0.001446
-0.898415 0.449262 0.246211 0.034217
-0.819643 0.173644 0.602145 0.031769
-0.780175 0.640273 0.000000 0.009268
-0.239682 -0.090634 0.967640 0.000994
-0.918838 0.276550 0.439616 0.055465
0.006633 -0.164635 0.987008 0.000666
1.884208 0.374792 0.000000 0.921123
-0.489335 -0.012974 0.875430 0.002993
1.704483 0.190410 0.193771 0.725998
1.261035 -0.074329 0.329930 0.305599
0.614621 -0.275873 0.745107 0.004513
0.255167 -0.246392 0.935893 0.000856
0.755407 -0.245839 0.632126 0.015214
1.820261 0.272199 0.080191 0.842246
-0.700784 0.063862 0.727825 0.012377
-0.966466 0.354020 0.277553 0.066032
0.491128 -0.316054 0.814201 0.002008
0.919031 -0.219425 0.485514 0.062304
-0.898348 0.488645 0.133775 0.031358
-0.875919 0.527976 0.053157 0.024118
-0.138244 -0.199868 0.970869 0.000822
-0.389088 -0.124460 0.914924 0.001981
0.108317 -0.278358 0.955067 0.000684
1.509303 0.008112 0.192989 0.521613
-0.846170 0.565392 -0.000000 0.017680
-0.621185 -0.043705 0.792843 0.008158
-1.010084 0.152142 0.453017 0.117427
1.067921 -0.186812 0.369922 0.145511
0.354443 -0.353923 0.866758 0.001080
-0.896754 0.038853 0.590915 0.074643
-0.967774 0.407323 0.147187 0.060265
1.757153 0.173064 -0.000000 0.765654
-1.063981 0.248019 0.298200 0.132472
1.660315 0.086992 0.079571 0.664496
0.709794 -0.378959 0.606943 0.007868
-0.286498 -0.235304 0.930249 0.001405
-0.037670 -0.311770 0.950187 0.000737
0.565593 -0.405126 0.722090 0.002715
-0.529254 -0.155139 0.840291 0.005121
0.851881 -0.348302 0.458809 0.028359
1.318551 -0.138097 0.163326 0.335785
0.210497 -0.389124 0.897656 0.000756
1.152369 -0.214041 0.235579 0.195519
-0.944166 0.449346 0.055976 0.047136
-0.757041 -0.072628 0.694443 0.029872
-0.912408 0.487692 0.000000 0.034568
0.441608 -0.448194 0.779050 0.001407
0.995924 -0.306715 0.300427 0.084525
-1.059970 0.317257 0.160562 0.118020
-0.184259 -0.345913 0.921175 0.001084
-1.155728 0.016529 0.451089 0.240751
1.458014 -0.071229 0.072093 0.461531
-0.430145 -0.266707 0.866232 0.003252
0.064274 -0.422722 0.904761 0.000709
-1.207298 0.131590 0.308226 0.252951
-0.654945 -0.181551 0.753133 0.014457
1.566980 0.000000 0.000000 0.566980
0.306155 -0.488073 0.818433 0.000889
0.665112 -0.509916 0.553968 0.004623
-1.026347 0.367254 0.060410 0.091748
0.789675 -0.473211 0.423232 0.013232
-1.028158 -0.112446 0.564697 0.178404
-1.189709 0.218328 0.170722 0.221565
1.193856 -0.229819 0.127120 0.222403
0.525801 -0.537644 0.662047 0.001915
-0.328109 -0.376645 0.868812 0.002174
-0.081882 -0.454902 0.887787 0.000903
0.895207 -0.431538 0.285288 0.033929
-0.986122 0.408464 -0.000000 0.067370
1.082385 -0.303388 0.147244 0.133703
-0.561408 -0.292546 0.785641 0.008958
1.277316 -0.188801 0.060677 0.292619
0.164110 -0.524328 0.836429 0.000732
-0.854607 -0.227142 0.636955 0.089797
0.389797 -0.569121 0.725487 0.001086
-1.404148 -0.003687 0.299923 0.435826
1.369703 -0.134904 -0.000000 0.376330
-1.136849 0.279801 0.064889 0.172572
-1.376939 -0.147433 0.426132 0.448891
-0.225194 -0.483353 0.847806 0.001557
0.976215 -0.395418 0.156569 0.064832
-1.359670 0.105788 0.175090 0.374973
-0.462241 -0.401269 0.797659 0.005457
0.731029 -0.587117 0.367041 0.006890
0.019786 -0.556629 0.831498 0.000808
0.617843 -0.632954 0.472845 0.002967
-0.702455 -0.325189 0.688018 0.035645
-1.078625 0.327198 0.000000 0.127161
0.822957 -0.537501 0.255318 0.015555
0.256514 -0.609308 0.751369 0.000806
1.139363 -0.279089 0.056735 0.174418
-1.259852 -0.322389 0.511733 0.397509
0.488687 -0.671155 0.560102 0.001488
-1.286481 0.181288 0.068724 0.301008
-0.360388 -0.505580 0.788281 0.003433
-0.122725 -0.583398 0.804354 0.001200
1.203044 -0.239300 0.000000 0.226613
0.893267 -0.490579 0.148079 0.029816
1.031528 -0.363067 0.059230 0.095160
-0.583296 -0.421143 0.716101 0.015084
-1.655809 -0.173710 0.241945 0.682384
0.117540 -0.644106 0.756879 0.000776
-1.528066 -0.011199 0.170067 0.537542
-0.977970 -0.417418 0.570684 0.206790
0.352297 -0.703841 0.618393 0.000956
-1.203206 0.239332 0.000000 0.226778
0.672106 -0.686805 0.290877 0.004010
-1.587188 -0.311207 0.370184 0.659231
0.759164 -0.629086 0.209996 0.008056
-0.258234 -0.602829 0.757980 0.002308
-1.467814 0.063058 0.072380 0.470950
-0.482508 -0.521641 0.715578 0.008452
0.564820 -0.739715 0.371320 0.002037
0.945105 -0.448148 0.058981 0.047635
-0.022665 -0.671922 0.741617 0.000993
-0.785685 -0.498246 0.584379 0.098658
0.824822 -0.576452 0.130772 0.014755
1.078673 -0.327212 0.000000 0.127210
0.214573 -0.736120 0.643194 0.000807
-1.340844 -0.555577 0.446015 0.518374
0.442838 -0.786501 0.433283 0.001211
-1.367826 0.134719 -0.000000 0.374444
-1.619886 -0.489871 0.360828 0.730376
-1.660112 -0.087768 0.084491 0.664576
-0.386706 -0.623538 0.687505 0.005487
-0.158283 -0.690066 0.708564 0.001652
-1.792986 -0.398475 0.230510 0.851140
0.873135 -0.531171 0.055014 0.023491
-0.645444 -0.583921 0.580029 0.045942
0.986566 -0.408648 -0.000000 0.067850
0.698317 -0.708761 0.139292 0.004685
0.076039 -0.771741 0.632812 0.000907
0.609675 -0.767147 0.211820 0.002540
-1.064465 -0.614787 0.463325 0.313667
0.311787 -0.826595 0.470462 0.000902
-1.822978 -0.282533 0.096171 0.847247
0.769461 -0.642687 0.110595 0.008637
-1.564879 0.000000 0.000000 0.564879
0.506706 -0.823702 0.260355 0.001509
-0.294805 -0.729020 0.624116 0.003942
-0.529386 -0.673277 0.558265 0.022356
-0.065645 -0.807721 0.588304 0.001410
0.912657 -0.487826 0.000000 0.034851
-1.605328 -0.665304 0.290440 0.761835
0.807990 -0.607550 0.049894 0.012153
-0.845912 -0.671505 0.443484 0.167546
-1.794208 -0.586910 0.204398 0.898796
0.176512 -0.863230 0.474797 0.000876
-1.349603 -0.727445 0.324295 0.567090
0.388979 -0.872468 0.299299 0.001042
-1.756570 -0.173007 -0.000000 0.765069
-1.887813 -0.490335 0.092180 0.952630
0.628032 -0.773932 0.111009 0.002855
-0.424962 -0.761872 0.513054 0.012060
-0.203577 -0.829355 0.525863 0.002899
0.742277 -0.678099 0.050008 0.006625
-0.676321 -0.728950 0.416311 0.078005
0.846204 -0.565415 -0.000000 0.017721
0.552522 -0.825323 0.131426 0.001854
0.036985 -0.896846 0.443389 0.001147
-1.079405 -0.765381 0.311410 0.359375
0.265006 -0.910959 0.318928 0.000894
0.670835 -0.744994 0.050020 0.003762
-1.882141 -0.374381 0.000000 0.919015
0.443014 -0.885869 0.146201 0.001199
-1.713538 -0.709536 0.165941 0.862039
-1.539062 -0.781635 0.184822 0.736036
-0.327632 -0.843937 0.441322 0.007143
-0.544776 -0.790877 0.387703 0.035655
-0.113951 -0.922698 0.374144 0.002168
-1.825770 -0.661813 0.081734 0.943737
0.780151 -0.640254 0.000000 0.009238
-0.840463 -0.799120 0.262011 0.188958
0.138276 -0.944375 0.301669 0.000984
-1.285834 -0.825696 0.184838 0.539255
0.330651 -0.925663 0.189003 0.000952
0.594707 -0.805271 0.049772 0.002305
-1.890780 -0.573563 0.000000 0.975861
0.710690 -0.710690 -0.000000 0.005067
-0.436827 -0.853136 0.341949 0.017638
-0.241801 -0.902856 0.367996 0.004508
0.509175 -0.860782 0.053334 0.001523
-0.652818 -0.821476 0.258895 0.080750
0.008857 -0.967130 0.259595 0.001403
-1.663747 -0.778204 0.076784 0.838356
-1.037342 -0.839009 0.163368 0.344137
0.223105 -0.957207 0.189266 0.000922
0.636269 -0.775296 0.000000 0.002958
0.362993 -0.927243 0.102356 0.001010
-1.431191 -0.842042 0.076325 0.662278
0.418851 -0.907959 0.049368 0.001131
-0.336360 -0.914882 0.262127 0.009384
-1.767138 -0.731971 -0.000000 0.912735
-0.528484 -0.859937 0.240747 0.037664
-0.212901 -0.952164 0.237525 0.004172
-0.103653 -0.977241 0.197456 0.002363
-0.732099 -0.847621 0.141231 0.128884
0.108854 -0.984436 0.145672 0.001091
0.556617 -0.833037 -0.000000 0.001884
-0.870453 -0.846010 0.129561 0.220741
-1.176294 -0.860920 0.070281 0.459380
0.283603 -0.953975 0.106606 0.000932
-0.437973 -0.895457 0.217847 0.020353
0.472022 -0.883090 0.000000 0.001326
-1.545999 -0.826355 0.000000 0.752991
-0.598643 -0.867200 0.138663 0.062844
0.331636 -0.943394 0.044239 0.000966
-0.015130 -0.993421 0.127082 0.001630
0.202626 -0.974874 0.102339 0.000955
-0.957900 -0.858211 0.060255 0.287529
-0.285299 -0.956434 0.134597 0.007114
-1.290572 -0.862332 -0.000000 0.552157
-0.182465 -0.979524 0.121344 0.003735
0.383082 -0.924844 -0.000000 0.001043
-0.389555 -0.927365 0.134155 0.014769
-0.790664 -0.857151 0.055380 0.167443
-0.489436 -0.896983 0.132465 0.030375
-0.655720 -0.868168 0.055165 0.089370
-0.100195 -0.992074 0.102929 0.002419
0.048316 -0.998775 0.052386 0.001315
0.150093 -0.988485 0.049200 0.001025
0.243077 -0.969961 0.044225 0.000932
-1.052854 -0.864055 0.000000 0.362019
0.290556 -0.957834 0.000000 0.000935
-0.541162 -0.891444 0.053874 0.044237
-0.241017 -0.974777 0.050697 0.005410
-0.340015 -0.950163 0.052883 0.010552
-0.858848 -0.858848 -0.000000 0.214593
-0.052058 -0.999438 0.047549 0.001922
-0.438986 -0.920828 0.053083 0.021494
-0.145382 -0.991364 0.046690 0.003055
-0.709103 -0.864045 0.000000 0.117766
0.098129 -0.996325 -0.000000 0.001146
-0.589398 -0.882097 -0.000000 0.060889
0.195278 -0.981729 0.000000 0.000963
-0.000000 -1.001556 0.000000 0.001556
-0.292499 -0.964238 0.000000 0.007627
-0.485650 -0.908586 0.000000 0.030235
-0.388416 -0.937720 -0.000000 0.014980
-0.195887 -0.984791 0.000000 0.004084
-0.098250 -0.997554 -0.000000 0.002380
0.242799 0.974211 -0.053652 0.005445
0.144031 0.991242 -0.052256 0.003013
0.188652 0.976847 -0.133746 0.003847
0.341252 0.949718 -0.054600 0.010642
0.289088 0.955094 -0.137054 0.007253
0.089365 0.989965 -0.128321 0.002239
0.044953 0.999556 -0.050660 0.001848
0.228473 0.942632 -0.261391 0.004530
0.131369 0.970371 -0.215699 0.002698
0.389300 0.926756 -0.138770 0.014735
0.441172 0.920193 -0.055491 0.021991
-0.012462 0.993523 -0.125201 0.001458
0.333387 0.925286 -0.227477 0.009478
0.034935 0.973874 -0.231770 0.001683
-0.051871 0.998785 -0.048184 0.001292
0.110572 0.935221 -0.342738 0.002165
0.323997 0.882605 -0.362058 0.007497
0.497656 0.892626 -0.144681 0.032170
0.425937 0.887173 -0.259132 0.017667
0.203215 0.873220 -0.449995 0.003147
-0.095460 0.970546 -0.226103 0.001096
-0.098780 0.990241 -0.109266 0.001137
0.545858 0.890624 -0.054318 0.046004
-0.016092 0.925763 -0.381106 0.001268
-0.145992 0.989124 -0.048829 0.001031
0.071977 0.851795 -0.521857 0.001534
0.430925 0.811655 -0.429244 0.014264
0.300001 0.786159 -0.548940 0.004679
0.563768 0.832944 -0.283406 0.044964
0.616518 0.865202 -0.133137 0.070698
-0.185991 0.974963 -0.129574 0.000967
-0.151572 0.904788 -0.400298 0.000927
0.164122 0.751874 -0.641543 0.001912
-0.064129 0.825557 -0.562402 0.000976
0.656644 0.868703 -0.050038 0.090105
-0.229906 0.941167 -0.251339 0.000911
0.397818 0.685927 -0.621325 0.007372
0.543885 0.725517 -0.488104 0.029773
-0.243203 0.969541 -0.052121 0.000936
0.720926 0.829302 -0.208363 0.118433
0.027751 0.713470 -0.701645 0.001057
0.257260 0.646723 -0.721545 0.002527
0.721676 0.855405 -0.109197 0.124481
0.699597 0.756980 -0.365754 0.093724
-0.293456 0.947319 -0.135440 0.000936
-0.201868 0.795418 -0.572900 0.000826
-0.285658 0.871607 -0.400607 0.000892
0.124009 0.630024 -0.768307 0.001302
0.494086 0.580792 -0.665328 0.011979
-0.108337 0.686899 -0.719743 0.000798
0.782626 0.858629 -0.050282 0.162874
0.358804 0.554028 -0.756476 0.003964
-0.350160 0.904874 -0.246076 0.000981
0.655604 0.633698 -0.533756 0.056544
0.844429 0.846804 -0.130240 0.202954
-0.341681 0.939428 -0.051944 0.000984
0.905507 0.797592 -0.261164 0.234626
-0.015871 0.606050 -0.796335 0.000849
0.225195 0.535616 -0.816025 0.001745
-0.338914 0.763319 -0.551673 0.000930
-0.244353 0.655137 -0.716010 0.000791
0.825257 0.694938 -0.424067 0.159233
-0.396893 0.910041 -0.128317 0.001081
-0.412682 0.833054 -0.371395 0.001109
0.459681 0.452670 -0.772422 0.006405
0.594207 0.480046 -0.677647 0.021142
0.083482 0.510115 -0.857183 0.000974
0.941922 0.859136 -0.056418 0.276132
-0.157975 0.576038 -0.802929 0.000735
0.327645 0.432077 -0.843208 0.002517
1.003966 0.847569 -0.136563 0.320973
-0.458687 0.862642 -0.219121 0.001279
0.792270 0.556340 -0.544041 0.110490
-0.434763 0.900573 -0.048294 0.001190
1.085641 0.701404 -0.389885 0.350034
-0.381097 0.625575 -0.682262 0.001030
-0.474964 0.728643 -0.496238 0.001381
-0.061677 0.479861 -0.876005 0.000728
0.185476 0.404352 -0.896948 0.001207
1.179221 0.829515 -0.194035 0.454753
-0.298155 0.541064 -0.787430 0.000846
0.557534 0.346544 -0.768139 0.010433
0.428963 0.323751 -0.847857 0.003836
-0.487701 0.867442 -0.111968 0.001421
-0.529922 0.790518 -0.312533 0.001705
1.145127 0.862635 -0.069174 0.435355
0.710011 0.385523 -0.663075 0.045185
0.039290 0.372076 -0.928208 0.000777
-0.207075 0.446981 -0.871090 0.000735
0.986264 0.484841 -0.544627 0.226542
0.287616 0.294607 -0.913076 0.001610
-0.521246 0.600274 -0.609581 0.001806
1.443396 0.775745 -0.241618 0.656367
-0.549434 0.819457 -0.174168 0.001859
-0.431974 0.501974 -0.750955 0.001255
-0.518181 0.856033 -0.043433 0.001594
-0.614948 0.682600 -0.401937 0.002824
0.526973 0.213277 -0.830089 0.006099
1.372961 0.607477 -0.414440 0.557501
1.397522 0.846942 -0.088461 0.636521
-0.107204 0.339111 -0.935347 0.000681
0.140370 0.260387 -0.956179 0.000892
0.649909 0.237966 -0.745261 0.017065
-0.349978 0.411872 -0.842535 0.000994
0.389330 0.183916 -0.905112 0.002312
-0.554958 0.828953 -0.093149 0.001907
0.853010 0.290736 -0.633055 0.101323
-0.626016 0.750943 -0.223615 0.002904
-0.561034 0.466663 -0.687085 0.002306
-0.005522 0.225402 -0.974949 0.000680
-0.636650 0.566180 -0.530607 0.003706
1.200073 0.384169 -0.527067 0.365855
-0.253945 0.306749 -0.918168 0.000808
1.688493 0.663467 -0.246826 0.830879
1.659063 0.778265 -0.099862 0.835254
0.241489 0.150155 -0.959869 0.001106
-0.486156 0.374425 -0.791812 0.001752
-0.617360 0.782011 -0.112716 0.002686
0.618211 0.102517 -0.791788 0.009764
-0.593708 0.806374 -0.043546 0.002310
0.488530 0.072745 -0.873571 0.003533
-0.711112 0.667196 -0.245093 0.005436
-0.724988 0.585710 -0.380698 0.006775
0.752732 0.132463 -0.697662 0.034836
-0.150607 0.193666 -0.970160 0.000700
1.585070 0.474687 -0.383878 0.698568
0.093328 0.114459 -0.989773 0.000730
-0.398995 0.273271 -0.876763 0.001293
1.018850 0.185403 -0.580009 0.186945
0.344471 0.040338 -0.939524 0.001495
-0.721387 0.459599 -0.532473 0.007551
-0.693240 0.715502 -0.128616 0.004523
-0.611658 0.335676 -0.721736 0.003845
1.840212 0.641354 -0.097078 0.951190
-0.048151 0.081276 -0.996189 0.000658
-0.668037 0.747525 -0.048463 0.003701
-0.298836 0.163015 -0.941315 0.000975
1.386218 0.258260 -0.460993 0.483514
1.812767 0.502658 -0.216697 0.893607
0.580152 -0.037140 -0.820374 0.005470
0.194190 0.007312 -0.981801 0.000848
0.698413 -0.005519 -0.736116 0.014731
-0.536315 0.237612 -0.813230 0.002714
-0.790896 0.584985 -0.234281 0.011243
0.445539 -0.070274 -0.894930 0.002169
0.890320 0.025734 -0.611172 0.080215
-0.768440 0.639497 -0.133077 0.008547
-0.815790 0.505193 -0.333148 0.015737
-0.193456 0.051219 -0.980575 0.000787
0.048554 -0.024050 -0.999198 0.000666
-0.767061 0.309049 -0.588077 0.014755
1.687914 0.322001 -0.305605 0.745317
-0.445336 0.130560 -0.887894 0.001860
1.177806 0.063819 -0.484455 0.275146
-0.741383 0.678859 -0.051830 0.006571
0.299147 -0.102861 -0.949781 0.001077
1.890276 0.461949 -0.085644 0.947786
-0.659090 0.199765 -0.734267 0.006705
-0.856509 0.397407 -0.403758 0.026918
0.658894 -0.141388 -0.749689 0.008050
-0.091248 -0.056104 -0.994946 0.000695
0.537471 -0.177711 -0.828229 0.003204
-0.343902 0.019441 -0.940194 0.001305
0.810234 -0.112758 -0.631971 0.033722
1.493101 0.120856 -0.340375 0.536167
-0.836009 0.563472 -0.129944 0.016513
0.150573 -0.133536 -0.980281 0.000728
1.818338 0.353242 -0.174362 0.860520
-0.851846 0.520865 -0.211676 0.020661
-0.581141 0.096760 -0.813634 0.004534
1.013831 -0.088687 -0.491478 0.130163
-0.810430 0.604533 -0.052567 0.012433
0.400710 -0.213172 -0.892701 0.001462
-0.898276 0.449192 -0.246173 0.034057
-0.819302 0.173571 -0.601895 0.031339
-0.239680 -0.090633 -0.967632 0.000986
-0.918390 0.276415 -0.439401 0.054950
0.006633 -0.164635 -0.987008 0.000666
-0.489312 -0.012973 -0.875388 0.002945
1.706811 0.190670 -0.194035 0.728355
1.263092 -0.074450 -0.330468 0.307728
0.614659 -0.275890 -0.745153 0.004576
0.255169 -0.246393 -0.935898 0.000862
0.755571 -0.245893 -0.632263 0.015434
1.821343 0.272361 -0.080239 0.843341
-0.700609 0.063846 -0.727643 0.012123
-0.966126 0.353895 -0.277455 0.065656
0.491139 -0.316061 -0.814219 0.002031
0.919670 -0.219578 -0.485852 0.063043
-0.898283 0.488610 -0.133766 0.031283
-0.875900 0.527965 -0.053156 0.024096
-0.138243 -0.199867 -0.970864 0.000817
-0.389078 -0.124457 -0.914900 0.001955
0.108317 -0.278359 -0.955068 0.000685
1.511207 0.008122 -0.193233 0.523533
-0.621090 -0.043698 -0.792721 0.008002
-1.009079 0.151991 -0.452566 0.116315
1.069126 -0.187023 -0.370340 0.146804
0.354446 -0.353926 -0.866765 0.001088
-0.895917 0.038816 -0.590363 0.073640
-0.967622 0.407259 -0.147164 0.060099
-1.063235 0.247845 -0.297991 0.131678
1.661224 0.087039 -0.079615 0.665408
0.709855 -0.378992 -0.606995 0.007954
-0.286494 -0.235301 -0.930235 0.001390
-0.037670 -0.311769 -0.950184 0.000734
0.565610 -0.405138 -0.722111 0.002744
-0.529209 -0.155126 -0.840220 0.005035
0.852137 -0.348407 -0.458946 0.028667
1.319712 -0.138219 -0.163470 0.336961
0.210497 -0.389125 -0.897658 0.000758
1.153375 -0.214228 -0.235785 0.196563
-0.944125 0.449326 -0.055973 0.047090
-0.756644 -0.072590 -0.694079 0.029332
0.441613 -0.448199 -0.779059 0.001418
0.996506 -0.306894 -0.300602 0.085160
-1.059621 0.317153 -0.160509 0.117652
-0.184257 -0.345909 -0.921166 0.001075
-1.153731 0.016501 -0.450309 0.238607
1.458656 -0.071261 -0.072125 0.462175
-0.430124 -0.266694 -0.866190 0.003203
0.064273 -0.422722 -0.904760 0.000708
-1.205843 0.131431 -0.307855 0.251442
-0.654759 -0.181500 -0.752919 0.014169
0.306156 -0.488075 -0.818436 0.000893
0.665136 -0.509934 -0.553989 0.004660
-1.026259 0.367223 -0.060405 0.091655
0.789760 -0.473262 -0.423278 0.013341
-1.026331 -0.112246 -0.563694 0.176311
-1.188982 0.218194 -0.170618 0.220819
1.194470 -0.229937 -0.127185 0.223031
0.525807 -0.537650 -0.662055 0.001927
-0.328099 -0.376634 -0.868787 0.002144
-0.081881 -0.454900 -0.887782 0.000897
0.895377 -0.431620 -0.285342 0.034126
1.082848 -0.303518 -0.147307 0.134189
-0.561327 -0.292504 -0.785528 0.008812
1.277703 -0.188858 -0.060695 0.293011
0.164110 -0.524328 -0.836430 0.000733
-0.853737 -0.226911 -0.636307 0.088688
0.389799 -0.569124 -0.725491 0.001091
-1.401782 -0.003681 -0.299417 0.433408
-1.136633 0.279748 -0.064877 0.172348
-1.373582 -0.147074 -0.425093 0.445358
-0.225190 -0.483344 -0.847792 0.001540
0.976431 -0.395505 -0.156603 0.065067
-1.358407 0.105689 -0.174928 0.373696
-0.462200 -0.401234 -0.797589 0.005369
0.731055 -0.587137 -0.367053 0.006925
0.019786 -0.556628 -0.831496 0.000805
0.617855 -0.632967 -0.472854 0.002986
-0.702099 -0.325024 -0.687669 0.035119
0.823013 -0.537537 -0.255335 0.015624
0.256515 -0.609310 -0.751370 0.000807
1.139578 -0.279141 -0.056746 0.174640
-1.256161 -0.321444 -0.510234 0.393415
0.488692 -0.671162 -0.560108 0.001498
-1.286087 0.181232 -0.068703 0.300610
-0.360370 -0.505554 -0.788242 0.003383
-0.122724 -0.583393 -0.804346 0.001190
0.893342 -0.490620 -0.148092 0.029903
1.031664 -0.363115 -0.059237 0.095304
-0.583153 -0.421040 -0.715926 0.014836
-1.653080 -0.173423 -0.241547 0.679611
0.117540 -0.644105 -0.756878 0.000775
-1.526466 -0.011188 -0.169889 0.535932
-0.975842 -0.416510 -0.569442 0.204164
0.352298 -0.703843 -0.618395 0.000960
0.672116 -0.686816 -0.290881 0.004026
-1.583522 -0.310488 -0.369330 0.655400
0.759185 -0.629104 -0.210002 0.008084
-0.258226 -0.602812 -0.757959 0.002280
-1.467140 0.063029 -0.072346 0.470274
-0.482437 -0.521564 -0.715473 0.008303
0.564825 -0.739721 -0.371323 0.002045
0.945162 -0.448175 -0.058984 0.047698
-0.022665 -0.671918 -0.741613 0.000988
-0.784534 -0.497515 -0.583523 0.097047
0.824850 -0.576472 -0.130776 0.014791
0.214573 -0.736121 -0.643195 0.000807
-1.337094 -0.554024 -0.444767 0.514127
0.442839 -0.786504 -0.433285 0.001214
-1.615919 -0.488671 -0.359945 0.726138
-1.659178 -0.087719 -0.084443 0.663640
-0.386675 -0.623487 -0.687449 0.005406
-0.158281 -0.690058 -0.708555 0.001640
-1.790169 -0.397848 -0.230147 0.848231
0.873154 -0.531183 -0.055015 0.023513
-0.644983 -0.583504 -0.579615 0.045195
0.698323 -0.708767 -0.139293 0.004694
0.076039 -0.771739 -0.632810 0.000905
0.609678 -0.767152 -0.211821 0.002546
-1.062159 -0.613455 -0.462321 0.310820
0.311787 -0.826596 -0.470463 0.000903
-1.821738 -0.282341 -0.096106 0.845991
0.769472 -0.642697 -0.110597 0.008652
0.506707 -0.823705 -0.260356 0.001513
-0.294791 -0.728988 -0.624088 0.003897
-0.529224 -0.673071 -0.558093 0.022043
-0.065645 -0.807713 -0.588298 0.001402
-1.602100 -0.663966 -0.289856 0.758292
0.807998 -0.607556 -0.049895 0.012164
-0.844741 -0.670576 -0.442871 0.165931
-1.791584 -0.586052 -0.204099 0.896018
0.176512 -0.863230 -0.474797 0.000876
-1.346791 -0.725929 -0.323619 0.563825
0.388979 -0.872469 -0.299300 0.001043
-1.886587 -0.490016 -0.092120 0.951363
0.628034 -0.773934 -0.111009 0.002858
-0.424906 -0.761772 -0.512987 0.011928
-0.203573 -0.829339 -0.525853 0.002879
0.742280 -0.678101 -0.050008 0.006629
-0.675844 -0.728436 -0.416018 0.077245
0.552523 -0.825325 -0.131427 0.001856
0.036985 -0.896844 -0.443388 0.001145
-1.077642 -0.764131 -0.310901 0.357155
0.265006 -0.910959 -0.318928 0.000895
0.670837 -0.744996 -0.050021 0.003764
0.443015 -0.885870 -0.146201 0.001200
-1.711521 -0.708700 -0.165746 0.859848
-1.537068 -0.780622 -0.184582 0.733787
-0.327613 -0.843888 -0.441297 0.007086
-0.544622 -0.790653 -0.387593 0.035362
-0.113950 -0.922690 -0.374141 0.002159
-1.824687 -0.661421 -0.081686 0.942584
-0.839736 -0.798429 -0.261784 0.187930
0.138276 -0.944374 -0.301668 0.000983
-1.284356 -0.824748 -0.184626 0.537487
0.330652 -0.925664 -0.189003 0.000952
0.594708 -0.805271 -0.049772 0.002306
-0.436774 -0.853033 -0.341907 0.017515
-0.241794 -0.902829 -0.367985 0.004478
0.509175 -0.860783 -0.053334 0.001524
-0.652554 -0.821143 -0.258790 0.080312
0.008857 -0.967127 -0.259594 0.001400
-1.662857 -0.777787 -0.076743 0.837372
-1.036478 -0.838311 -0.163232 0.343018
0.223105 -0.957207 -0.189266 0.000921
0.362993 -0.927244 -0.102356 0.001010
-1.430462 -0.841613 -0.076286 0.661431
0.418851 -0.907959 -0.049368 0.001131
-0.336346 -0.914844 -0.262116 0.009343
-0.528388 -0.859780 -0.240703 0.037475
-0.212898 -0.952150 -0.237521 0.004157
-0.103653 -0.977236 -0.197454 0.002358
-0.731856 -0.847340 -0.141184 0.128509
0.108854 -0.984435 -0.145672 0.001090
-0.870029 -0.845598 -0.129498 0.220146
-1.175828 -0.860579 -0.070253 0.458802
0.283603 -0.953975 -0.106606 0.000932
-0.437935 -0.895378 -0.217828 0.020264
-0.598541 -0.867053 -0.138639 0.062664
0.331636 -0.943394 -0.044239 0.000966
-0.015130 -0.993419 -0.127082 0.001628
0.202626 -0.974874 -0.102339 0.000955
-0.957629 -0.857969 -0.060238 0.287166
-0.285295 -0.956418 -0.134595 0.007097
-0.182464 -0.979518 -0.121343 0.003729
-0.389540 -0.927328 -0.134150 0.014729
-0.790543 -0.857020 -0.055372 0.167266
-0.489396 -0.896909 -0.132454 0.030291
-0.655659 -0.868086 -0.055159 0.089268
-0.100194 -0.992071 -0.102929 0.002416
0.048316 -0.998775 -0.052386 0.001314
0.150093 -0.988485 -0.049200 0.001024
0.243077 -0.969961 -0.044225 0.000932
-0.541132 -0.891395 -0.053871 0.044179
-0.241016 -0.974774 -0.050697 0.005406
-0.340012 -0.950152 -0.052883 0.010541
-0.052058 -0.999437 -0.047549 0.001921
-0.438976 -0.920807 -0.053082 0.021471
-0.145381 -0.991362 -0.046690 0.003053
1 2 3
4 2 1
1 3 5
4 1 6
3 2 7
8 1 5
8 6 1
5 3 9
7 10 3
11 4 6
9 3 10
8 5 12
5 9 13
8 14 6
12 5 13
7 15 10
16 11 6
16 6 14
9 10 17
18 8 12
18 14 8
9 19 13
10 15 20
9 17 19
12 13 21
10 20 17
16 22 11
18 12 23
13 19 21
24 16 14
25 14 18
12 21 26
12 26 23
15 27 20
25 24 14
19 17 28
25 18 23
29 17 20
16 30 22
24 30 16
19 31 21
29 28 17
19 28 31
27 32 20
21 33 26
29 20 32
25 23 34
23 26 35
21 31 33
36 24 25
37 22 30
23 35 34
24 38 30
25 34 36
29 39 28
36 38 24
27 40 32
29 32 39
31 28 41
42 26 33
42 35 26
43 33 31
44 37 30
28 39 45
44 30 38
41 28 45
31 41 43
34 35 46
36 34 47
32 48 39
32 40 48
49 38 36
33 50 42
43 50 33
34 46 47
35 42 51
35 51 46
44 52 37
53 44 38
36 47 54
45 39 55
49 36 54
43 41 56
53 38 49
48 55 39
45 57 41
48 40 58
42 50 59
42 59 51
47 46 60
56 41 57
50 43 61
44 62 52
53 62 44
61 43 56
63 46 51
45 55 64
45 64 57
54 47 65
66 53 49
63 60 46
48 67 55
68 49 54
60 65 47
58 67 48
59 50 69
69 50 61
51 59 70
66 62 53
68 66 49
71 56 57
63 51 70
72 52 62
61 56 73
54 65 74
75 64 55
68 54 74
76 57 64
75 55 67
73 56 71
77 60 63
58 78 67
76 71 57
60 79 65
59 69 80
81 62 66
59 80 70
61 82 69
81 72 62
61 73 82
79 60 77
83 63 70
66 68 84
77 63 83
75 85 64
64 85 76
74 65 86
75 67 87
79 86 65
88 68 74
84 81 66
87 67 78
71 89 73
90 71 76
80 69 91
91 69 82
70 80 92
68 93 84
83 70 92
81 94 72
74 86 88
88 93 68
71 90 89
95 82 73
79 77 96
89 95 73
83 97 77
75 98 85
75 87 98
99 76 85
87 78 100
90 76 99
84 101 81
79 102 86
77 97 96
80 91 103
80 103 92
81 101 94
82 104 91
96 102 79
84 93 101
88 86 105
104 82 95
92 106 83
90 107 89
83 106 97
108 93 88
85 98 109
99 85 109
102 105 86
110 95 89
87 111 98
87 100 111
90 99 112
96 97 113
110 89 107
88 105 114
115 101 93
107 90 112
91 116 103
108 88 114
116 91 104
117 94 101
103 118 92
92 118 106
108 115 93
119 102 96
104 95 120
97 106 121
110 120 95
113 119 96
109 98 122
102 123 105
113 97 121
122 98 111
109 124 99
115 117 101
112 99 124
111 100 125
126 110 107
119 123 102
103 116 127
107 112 128
103 127 118
129 114 105
104 130 116
108 114 131
120 130 104
108 132 115
106 118 133
123 129 105
121 106 133
126 107 128
110 134 120
135 109 122
115 136 117
109 135 124
113 137 119
126 134 110
122 111 138
132 108 131
121 139 113
125 138 111
112 124 140
141 128 112
115 132 136
119 142 123
127 116 143
144 114 129
143 116 130
137 113 139
144 131 114
118 127 145
141 112 140
122 138 135
145 133 118
130 120 146
119 137 142
123 147 129
146 120 134
121 133 148
126 128 149
121 148 139
124 135 150
126 151 134
142 147 123
124 150 140
125 152 138
153 132 131
149 128 141
154 136 132
155 127 143
151 126 149
145 127 155
138 156 135
157 143 130
158 144 129
130 146 157
144 159 131
147 158 129
139 160 137
153 154 132
133 145 161
142 137 162
150 135 156
133 161 148
153 131 159
146 134 163
140 164 141
138 152 156
151 163 134
165 139 148
142 166 147
150 167 140
149 141 168
162 137 160
165 160 139
169 155 143
169 143 157
170 145 155
166 142 162
151 149 171
140 167 164
141 164 168
172 144 158
172 159 144
161 145 170
146 173 157
147 174 158
150 156 175
146 163 173
153 176 154
156 152 177
174 147 166
161 178 148
179 153 159
178 165 148
150 175 167
151 180 163
168 181 149
171 149 181
180 151 171
182 162 160
183 155 169
177 175 156
153 179 176
170 155 183
184 160 165
169 157 185
166 162 186
157 173 185
187 172 158
188 164 167
187 158 174
161 170 189
172 190 159
168 164 191
184 182 160
163 192 173
161 189 178
190 179 159
182 186 162
174 166 193
163 180 192
175 194 167
178 195 165
191 164 188
195 184 165
193 166 186
168 196 181
180 171 197
194 188 167
177 198 175
199 183 169
171 181 200
169 185 199
170 183 201
168 191 196
202 176 179
201 189 170
203 185 173
187 204 172
174 205 187
172 204 190
175 198 194
203 173 192
197 171 200
206 182 184
174 193 205
178 189 207
208 186 182
209 179 190
178 207 195
180 210 192
210 180 197
196 211 181
209 202 179
212 184 195
193 186 213
181 211 200
191 188 214
206 208 182
194 215 188
216 183 199
201 183 216
214 196 191
199 185 217
212 206 184
209 190 204
203 217 185
213 186 208
189 201 218
204 187 219
205 219 187
194 198 220
189 218 207
203 192 221
214 188 215
197 200 222
205 193 223
210 221 192
195 207 224
220 215 194
223 193 213
212 195 224
210 197 225
196 226 211
214 226 196
209 227 202
200 211 228
204 229 209
230 208 206
222 225 197
231 216 199
231 199 217
232 201 216
200 228 222
218 201 232
233 206 212
219 229 204
234 217 203
213 208 235
221 234 203
205 236 219
207 218 237
229 227 209
205 223 238
214 215 239
224 207 237
233 230 206
240 221 210
235 208 230
225 240 210
220 241 215
212 224 242
214 239 226
223 213 243
205 238 236
211 226 244
244 228 211
212 242 233
235 243 213
231 245 216
245 232 216
246 225 222
219 247 229
239 215 241
231 217 248
249 218 232
248 217 234
250 222 228
219 236 247
249 237 218
223 243 238
251 234 221
252 227 229
240 251 221
224 237 253
254 230 233
250 246 222
242 224 253
239 255 226
235 230 256
257 240 225
255 244 226
252 229 247
246 257 225
258 228 244
259 236 238
260 233 242
258 250 228
261 245 231
262 232 245
231 248 261
256 230 254
263 243 235
262 249 232
239 241 264
265 238 243
260 254 233
248 234 266
236 267 247
266 234 251
268 237 249
263 235 256
239 264 255
268 253 237
240 269 251
259 267 236
259 238 265
242 253 270
257 269 240
271 246 250
272 252 247
255 273 244
260 242 270
258 244 273
274 257 246
275 245 261
262 245 275
276 243 263
243 276 265
258 277 250
267 272 247
248 278 261
254 279 256
262 280 249
271 274 246
248 266 278
260 281 254
249 280 268
271 250 277
282 266 251
255 264 283
269 282 251
263 256 284
285 253 268
270 253 285
259 265 286
283 273 255
259 286 267
287 269 257
254 281 279
274 287 257
260 270 288
284 256 279
258 273 289
258 289 277
290 275 261
262 275 291
290 261 278
260 288 281
267 292 272
293 276 263
262 291 280
294 265 276
278 266 295
284 293 263
271 296 274
295 266 282
267 286 292
294 286 265
297 268 280
271 277 298
282 269 299
285 268 297
287 299 269
300 270 285
283 301 273
300 288 270
302 279 281
289 273 301
303 287 274
298 296 271
304 284 279
290 305 275
305 291 275
277 289 306
303 274 296
290 278 307
308 281 288
293 309 276
309 294 276
278 295 307
280 291 310
298 277 306
302 304 279
310 297 280
295 282 311
284 312 293
313 292 286
302 281 308
282 299 311
313 286 294
297 314 285
300 285 314
304 312 284
287 315 299
316 288 300
289 301 317
318 287 303
289 317 306
316 308 288
298 319 296
290 320 305
291 305 321
290 307 320
318 315 287
303 296 322
321 310 291
298 306 319
293 323 309
295 324 307
309 325 294
323 293 312
295 311 324
294 325 313
302 326 304
327 297 310
308 328 302
297 327 314
329 311 299
322 318 303
329 299 315
330 300 314
296 319 331
316 300 330
332 312 304
322 296 331
317 333 306
328 326 302
319 306 333
316 334 308
305 320 335
335 321 305
326 332 304
336 320 307
307 324 336
337 310 321
309 323 338
308 334 328
309 338 325
318 339 315
327 310 337
340 323 312
341 324 311
341 311 329
322 342 318
343 314 327
332 340 312
330 314 343
329 315 344
345 316 330
345 334 316
319 346 331
319 333 346
344 315 339
318 342 339
322 331 347
348 326 328
349 335 320
349 320 336
321 335 350
321 350 337
326 351 332
322 347 342
352 336 324
353 338 323
340 353 323
328 334 354
352 324 341
355 327 337
332 351 340
343 327 355
356 341 329
329 344 356
330 343 357
348 328 354
348 358 326
330 357 345
358 351 326
346 359 331
347 331 359
345 360 334
339 342 361
362 344 339
363 335 349
354 334 360
363 350 335
364 349 336
350 365 337
364 336 352
347 366 342
355 337 365
340 351 367
340 367 353
341 368 352
362 339 361
356 368 341
343 355 369
343 369 357
361 342 366
344 370 356
357 371 345
348 354 372
344 362 370
360 345 371
348 372 358
347 359 373
358 374 351
347 373 366
375 363 349
375 349 364
350 363 376
377 354 360
350 376 365
374 367 351
378 364 352
368 378 352
355 365 379
361 380 362
377 372 354
355 379 369
356 381 368
361 366 380
381 356 370
382 357 369
382 371 357
358 372 383
358 383 374
360 371 384
385 370 362
386 377 360
375 387 363
363 387 376
366 373 388
362 380 385
389 375 364
384 386 360
378 389 364
365 376 390
388 380 366
365 391 379
392 378 368
379 393 369
394 372 377
382 369 393
368 381 395
365 390 391
370 396 381
394 383 372
382 397 371
385 396 370
371 397 384
387 390 376
392 368 395
398 387 375
386 399 377
389 398 375
380 400 385
388 400 380
378 401 389
377 399 394
392 401 378
384 402 386
403 379 391
403 393 379
393 404 382
405 395 381
396 405 381
406 390 387
404 397 382
384 397 402
385 407 396
390 408 391
385 400 407
409 399 386
398 410 387
409 386 402
411 392 395
389 412 398
389 401 412
387 410 406
406 408 390
392 413 401
403 391 414
405 411 395
403 415 393
393 416 404
391 408 414
397 417 402
392 411 413
404 417 397
405 396 418
398 412 410
407 418 396
393 415 416
402 419 409
412 401 420
401 413 420
406 421 408
404 416 417
422 406 410
417 419 402
405 423 411
424 403 414
403 424 415
405 418 423
412 425 410
426 414 408
422 421 406
413 411 427
421 426 408
410 425 422
412 420 425
415 428 416
423 427 411
413 429 420
417 416 430
426 424 414
417 430 419
413 427 429
415 424 431
415 431 428
416 428 430
422 432 421
433 425 420
425 434 422
420 429 433
426 421 435
426 436 424
422 434 432
432 435 421
424 436 431
433 434 425
426 435 436
437 438 2
4 437 2
437 439 438
4 440 437
438 7 2
441 439 437
441 437 440
439 442 438
7 438 443
11 440 4
442 443 438
441 444 439
439 445 442
441 440 446
444 445 439
7 443 15
447 440 11
447 446 440
442 448 443
449 444 441
449 441 446
442 445 450
443 451 15
442 450 448
444 452 445
443 448 451
447 11 22
449 453 444
445 452 450
454 446 447
455 449 446
444 456 452
444 453 456
15 451 27
455 446 454
450 457 448
455 453 449
458 451 448
447 22 459
454 447 459
450 452 460
458 448 457
450 460 457
27 451 461
452 456 462
458 461 451
455 463 453
453 464 456
452 462 460
465 455 454
37 459 22
453 463 464
454 459 466
455 465 463
458 457 467
465 454 466
27 461 40
458 467 461
460 468 457
469 462 456
469 456 464
470 460 462
471 459 37
457 472 467
471 466 459
468 472 457
460 470 468
463 473 464
465 474 463
461 467 475
461 475 40
476 465 466
462 469 477
470 462 477
463 474 473
464 478 469
464 473 478
471 37 52
479 466 471
465 480 474
472 481 467
476 480 465
470 482 468
479 476 466
475 467 481
472 468 483
475 58 40
469 484 477
469 478 484
474 485 473
482 483 468
477 486 470
471 52 487
479 471 487
486 482 470
488 478 473
472 489 481
472 483 489
480 490 474
491 476 479
488 473 485
475 481 492
493 480 476
485 474 490
58 475 492
484 494 477
494 486 477
478 495 484
491 479 487
493 476 491
496 483 482
488 495 478
72 487 52
486 497 482
480 498 490
499 481 489
493 498 480
500 489 483
499 492 481
497 496 482
501 488 485
58 492 78
500 483 496
485 490 502
484 503 494
504 491 487
484 495 503
486 494 505
504 487 72
486 505 497
502 501 485
506 495 488
491 507 493
501 506 488
499 489 508
489 500 508
498 509 490
499 510 492
502 490 509
511 498 493
507 491 504
510 78 492
496 497 512
513 500 496
503 514 494
514 505 494
495 515 503
493 507 516
506 515 495
504 72 94
498 511 509
511 493 516
496 512 513
517 497 505
502 518 501
512 497 517
506 501 519
499 508 520
499 520 510
521 508 500
510 100 78
513 521 500
507 504 522
502 509 523
501 518 519
503 524 514
503 515 524
504 94 522
505 514 525
518 502 523
507 522 516
511 526 509
525 517 505
515 506 527
513 512 528
506 519 527
529 511 516
508 530 520
521 530 508
523 509 526
531 512 517
510 520 532
510 532 100
513 533 521
518 534 519
531 528 512
511 535 526
536 516 522
528 533 513
514 524 537
529 535 511
537 525 514
117 522 94
524 515 538
515 527 538
529 516 536
539 518 523
525 540 517
519 541 527
531 517 540
534 518 539
530 542 520
523 526 543
534 541 519
542 532 520
530 521 544
536 522 117
533 544 521
532 125 100
545 528 531
539 523 543
524 546 537
528 547 533
524 538 546
548 526 535
525 537 549
529 550 535
540 525 549
529 536 551
527 552 538
543 526 548
541 552 527
545 547 528
531 540 553
554 542 530
536 117 136
530 544 554
534 539 555
545 531 553
542 556 532
551 550 529
541 534 557
125 532 556
533 558 544
559 533 547
536 136 551
539 543 560
546 561 537
562 548 535
561 549 537
555 557 534
562 535 550
538 563 546
559 558 533
542 554 556
563 538 552
549 564 540
539 560 555
543 548 565
564 553 540
541 566 552
545 567 547
541 557 566
544 568 554
545 553 569
560 543 565
544 558 568
125 556 152
570 550 551
567 559 547
154 551 136
571 561 546
569 567 545
563 571 546
556 554 572
573 549 561
574 548 562
549 573 564
562 550 575
565 548 574
557 555 576
570 551 154
552 577 563
560 578 555
568 572 554
552 566 577
570 575 550
564 579 553
558 559 580
556 572 152
569 553 579
581 566 557
560 565 582
568 558 583
567 584 559
578 576 555
581 557 576
585 561 571
585 573 561
586 571 563
582 578 560
569 587 567
558 580 583
559 584 580
588 574 562
588 562 575
577 586 563
564 573 589
565 574 590
568 591 572
564 589 579
570 154 176
572 177 152
590 582 565
577 566 592
593 575 570
592 566 581
568 583 591
569 579 594
584 567 595
587 595 567
594 587 569
596 576 578
597 585 571
177 572 591
570 176 593
586 597 571
598 581 576
585 599 573
582 600 578
573 599 589
601 574 588
602 583 580
601 590 574
577 603 586
588 575 604
584 605 580
598 576 596
579 589 606
577 592 603
604 575 593
596 578 600
590 607 582
579 606 594
591 583 608
592 581 609
605 602 580
609 581 598
607 600 582
584 595 610
594 611 587
608 583 602
177 591 198
612 585 597
587 613 595
585 612 599
586 614 597
584 610 605
202 593 176
614 586 603
615 589 599
601 588 616
590 601 617
588 604 616
591 608 198
615 606 589
611 613 587
618 598 596
590 617 607
592 619 603
620 596 600
621 604 593
592 609 619
594 606 622
622 611 594
610 595 623
621 593 202
624 609 598
607 625 600
595 613 623
605 626 602
618 596 620
608 602 627
628 612 597
614 628 597
626 605 610
612 629 599
624 598 618
621 616 604
615 599 629
625 620 600
603 630 614
616 631 601
617 601 631
608 220 198
603 619 630
615 632 606
626 627 602
611 633 613
617 634 607
622 606 632
609 635 619
220 608 627
634 625 607
624 635 609
622 636 611
610 623 637
626 610 637
621 202 227
613 638 623
616 621 639
640 618 620
633 611 636
641 612 628
641 629 612
642 628 614
613 633 638
630 642 614
643 624 618
631 616 639
644 615 629
625 645 620
632 615 644
617 631 646
619 647 630
639 621 227
617 648 634
626 649 627
635 647 619
643 618 640
650 622 632
645 640 620
636 622 650
220 627 241
624 651 635
626 637 649
634 652 625
617 646 648
623 653 637
653 623 638
624 643 651
645 625 652
641 628 654
654 628 642
655 633 636
631 639 656
649 241 627
641 657 629
658 642 630
657 644 629
659 638 633
631 656 646
658 630 647
634 648 652
660 632 644
252 639 227
650 632 660
635 661 647
662 643 640
659 633 655
651 661 635
649 637 663
645 664 640
665 636 650
663 637 653
252 656 639
655 636 665
666 653 638
667 648 646
668 651 643
666 638 659
669 641 654
670 654 642
641 669 657
664 662 640
671 645 652
670 642 658
649 264 241
672 652 648
668 643 662
657 673 644
646 656 674
673 660 644
675 658 647
671 664 645
649 663 264
675 647 661
650 660 676
667 646 674
667 672 648
651 677 661
665 650 676
678 659 655
272 656 252
663 653 679
668 677 651
666 679 653
680 655 665
681 669 654
670 681 654
682 671 652
652 672 682
666 659 683
674 656 272
657 669 684
662 664 685
670 658 686
678 655 680
657 684 673
668 662 687
658 675 686
678 683 659
688 660 673
663 283 264
676 660 688
671 689 664
690 675 661
677 690 661
667 691 672
283 663 679
667 674 691
692 665 676
662 685 687
680 665 692
668 693 677
689 685 664
666 694 679
666 683 694
695 669 681
670 696 681
695 684 669
668 687 693
674 272 292
697 671 682
670 686 696
698 682 672
684 699 673
689 671 697
678 680 700
699 688 673
674 292 691
698 672 691
701 686 675
678 702 683
688 703 676
690 701 675
692 676 703
704 690 677
283 679 301
704 677 693
705 687 685
694 301 679
706 680 692
702 678 700
707 685 689
695 681 708
708 681 696
683 709 694
706 700 680
695 710 684
711 693 687
697 682 712
712 682 698
684 710 699
686 713 696
702 709 683
705 685 707
713 686 701
699 714 688
689 697 715
313 691 292
705 711 687
688 714 703
313 698 691
701 690 716
704 716 690
707 689 715
692 703 717
718 704 693
694 317 301
719 706 692
694 709 317
718 693 711
702 700 720
695 708 721
696 722 708
695 721 710
719 692 717
706 723 700
722 696 713
702 720 709
697 712 724
699 710 725
712 698 325
724 715 697
699 725 714
698 313 325
705 707 726
727 713 701
711 705 728
701 716 727
729 703 714
723 706 719
729 717 703
730 716 704
700 731 720
718 730 704
732 707 715
723 731 700
317 709 333
728 705 726
720 333 709
718 711 733
708 734 721
734 708 722
726 707 732
735 710 721
710 735 725
736 722 713
712 338 724
711 728 733
712 325 338
719 717 737
727 736 713
738 715 724
739 714 725
739 729 714
723 719 740
741 727 716
732 715 738
730 741 716
729 742 717
743 730 718
743 718 733
720 731 346
720 346 333
742 737 717
719 737 740
723 744 731
745 728 726
746 721 734
746 735 721
722 747 734
722 736 747
726 732 748
723 740 744
749 725 735
353 724 338
738 724 353
728 750 733
749 739 725
751 736 727
732 738 748
741 751 727
752 729 739
729 752 742
730 753 741
745 750 728
745 726 754
730 743 753
754 726 748
346 731 359
744 359 731
743 733 755
737 756 740
757 737 742
758 746 734
750 755 733
758 734 747
759 735 746
747 736 760
759 749 735
744 740 761
751 760 736
738 367 748
738 353 367
739 749 762
757 756 737
752 739 762
741 763 751
741 753 763
756 761 740
742 752 764
753 743 765
745 766 750
742 764 757
755 765 743
745 754 766
744 373 359
754 748 374
744 761 373
767 746 758
767 759 746
747 768 758
769 755 750
747 760 768
374 748 367
770 749 759
762 749 770
751 771 760
756 757 772
769 750 766
751 763 771
752 762 773
756 772 761
773 764 752
774 763 753
774 753 765
754 383 766
754 374 383
755 775 765
776 757 764
777 755 769
767 758 778
758 768 778
761 388 373
757 776 772
779 759 767
775 755 777
770 759 779
760 780 768
388 761 772
760 771 781
782 762 770
771 763 783
394 769 766
774 783 763
762 784 773
760 781 780
764 773 785
394 766 383
774 765 786
776 764 785
765 775 786
778 768 780
782 784 762
787 767 778
777 769 399
779 767 787
772 776 400
388 772 400
770 779 788
769 394 399
782 770 788
775 777 789
790 781 771
790 771 783
783 774 791
792 773 784
785 773 792
793 778 780
791 774 786
775 789 786
776 785 407
780 781 794
776 407 400
409 777 399
787 778 795
409 789 777
796 784 782
779 787 797
779 797 788
778 793 795
793 780 794
782 788 798
790 799 781
792 784 796
790 783 800
783 791 801
781 799 794
786 789 802
782 798 796
791 786 802
792 418 785
787 795 797
407 785 418
783 801 800
789 409 419
797 803 788
788 803 798
793 794 804
791 802 801
805 795 793
802 789 419
792 796 423
806 799 790
790 800 806
792 423 418
797 795 807
808 794 799
805 793 804
798 427 796
804 794 808
795 805 807
797 807 803
800 801 428
423 796 427
798 803 429
802 430 801
808 799 806
802 419 430
798 429 427
800 431 806
800 428 431
801 430 428
805 804 432
433 803 807
807 805 434
803 433 429
808 435 804
808 806 436
805 432 434
432 804 435
806 431 436
433 807 434
808 436 435

