964	484	1446 **(Nee, Nnd, Nsd)**
0	0	1	2	481	2	1	2	1	0
1	0	3	1	4	0	3	4	0	3
2	0	2	4	7	5	0	7	5	1
3	5	3	0	1	6	8	3	6	10
4	6	1	3	1	9	481	4	11	8
5	0	4	7	11	6	2	13	9	5
6	0	7	5	13	3	5	16	6	9
7	4	2	8	481	12	2	12	14	7
8	9	3	5	3	15	10	10	18	15
9	6	3	10	10	16	4	17	20	11
10	9	10	3	9	8	19	17	15	25
11	4	11	7	17	5	14	22	13	19
12	8	12	4	14	7	20	21	14	26
13	13	5	7	6	17	18	16	27	23
14	11	4	12	12	22	11	21	29	19
15	9	5	14	18	21	8	24	30	18
16	10	15	6	481	9	24	28	20	33
17	11	13	7	13	11	23	27	22	31
18	14	5	13	13	26	15	23	36	24
19	16	10	9	10	21	25	25	34	35
20	8	17	12	28	12	481	37	26	32
21	14	16	9	19	15	30	34	30	41
22	11	12	18	29	27	14	40	38	29
23	19	13	11	17	27	31	31	42	43
24	20	15	10	16	25	33	33	39	46
25	20	10	16	19	35	24	35	48	39
26	14	13	21	32	34	18	45	47	36
27	19	11	18	22	37	23	38	51	42
28	12	17	22	39	29	20	52	44	37
29	18	12	22	28	40	22	44	55	40
30	14	23	16	38	21	36	53	41	49
31	19	24	13	32	23	41	50	43	58
32	21	13	24	31	45	26	50	60	45
33	20	25	15	481	24	43	54	46	59
34	14	21	26	47	36	26	64	56	47
35	20	16	27	38	46	25	57	63	48
36	26	23	14	30	34	48	49	56	67
37	19	18	28	42	44	27	62	65	51
38	16	23	27	49	35	30	69	57	53
39	22	17	29	481	50	28	61	70	52
40	22	30	18	42	29	53	66	55	71
41	19	31	24	51	31	44	75	58	68
42	30	28	18	37	40	56	62	66	79
43	32	25	20	33	46	55	59	72	76
44	19	28	31	58	41	37	83	68	65
45	33	21	24	32	51	52	60	77	73
46	27	32	20	43	35	57	72	63	80
47	21	34	26	59	34	52	84	64	74
48	26	35	23	54	36	60	78	67	85
49	36	27	23	38	54	61	69	82	87
50	22	29	37	64	53	39	89	81	70
51	33	24	31	41	63	45	75	88	77
52	21	33	34	65	47	45	90	74	73
53	22	37	30	62	40	50	91	71	81
54	36	23	35	48	71	49	78	98	82
55	38	25	32	43	69	481	76	97	86
56	39	28	30	42	62	66	79	96	92
57	40	32	27	46	61	70	80	93	99
58	31	28	41	68	67	44	95	100	83
59	42	26	34	47	74	60	84	106	94
60	42	35	26	48	59	77	85	94	108
61	40	27	36	49	75	57	87	105	93
62	37	39	30	56	53	73	96	91	104
63	43	33	31	51	67	72	88	102	107
64	37	29	44	481	78	50	101	112	89
65	33	45	34	76	52	72	111	90	109
66	39	46	28	68	56	84	103	92	118
67	43	31	41	58	81	63	100	115	102
68	46	41	28	58	66	85	95	103	120
69	38	32	47	70	83	55	110	117	97
70	40	47	32	69	57	82	110	99	123
71	36	35	48	79	80	54	113	116	98
72	33	43	45	87	65	63	125	109	107
73	39	37	49	78	86	62	119	124	104
74	34	50	42	89	59	76	128	106	114
75	40	36	51	80	82	61	121	126	105
76	34	45	50	93	74	65	133	114	111
77	42	52	35	79	60	91	122	108	131
78	44	49	37	73	64	90	119	112	129
79	52	48	35	71	77	98	113	122	140
80	51	36	48	71	95	75	116	137	121
81	53	43	41	67	88	92	115	130	134
82	40	51	47	94	70	75	136	123	126
83	47	54	38	481	69	96	127	117	141
84	39	55	46	99	66	86	142	118	132
85	46	56	41	88	68	100	135	120	144
86	39	49	55	101	84	73	146	132	124
87	43	57	45	97	72	92	143	125	139
88	53	41	56	85	107	81	135	151	130
89	50	58	42	91	74	104	138	128	150
90	44	59	49	102	78	481	149	129	145
91	42	58	52	108	77	89	153	131	138
92	53	57	43	87	81	109	139	134	152
93	45	60	50	106	76	97	154	133	147
94	51	61	47	96	82	105	148	136	158
95	62	51	48	80	103	105	137	156	159
96	61	54	47	83	94	111	141	148	161
97	45	57	60	112	93	87	164	147	143
98	52	63	48	103	79	110	157	140	162
99	55	64	46	100	84	114	155	142	165
100	64	56	46	85	99	116	144	155	169
101	49	65	55	115	86	102	166	146	160
102	49	59	65	120	101	90	174	160	149
103	63	62	48	95	98	123	156	157	176
104	50	66	58	121	89	106	175	150	163
105	61	51	62	95	118	94	159	172	158
106	50	60	66	124	104	93	177	163	154
107	67	53	56	88	117	113	151	171	168
108	52	58	68	122	110	91	178	167	153
109	69	57	53	92	113	119	152	170	179
110	63	52	68	108	127	98	167	185	162
111	61	70	54	481	96	126	173	161	183
112	57	71	60	125	97	119	184	164	181
113	67	69	53	109	107	130	170	168	190
114	72	64	55	99	115	131	165	180	191
115	65	72	55	114	101	132	180	166	192
116	64	73	56	117	100	133	182	169	193
117	67	56	73	116	136	107	182	200	171
118	61	62	74	128	129	105	189	188	172
119	69	71	57	112	109	135	181	179	198
120	65	59	75	481	134	102	186	196	174
121	66	76	58	122	104	138	187	175	201
122	58	76	68	142	108	121	203	178	187
123	63	77	62	128	103	137	195	176	199
124	60	78	66	141	106	125	204	177	194
125	60	71	78	148	124	112	211	194	184
126	61	79	70	147	111	129	210	183	197
127	63	68	80	145	140	110	208	202	185
128	74	62	77	123	149	118	195	214	189
129	74	79	61	126	118	150	197	188	215
130	67	81	69	144	113	143	212	190	207
131	82	64	72	114	146	139	191	219	205
132	65	83	72	146	115	134	220	192	206
133	84	73	64	116	139	152	193	209	223
134	65	75	83	153	132	120	224	206	196
135	69	85	71	151	119	144	221	198	217
136	73	86	67	143	117	154	216	200	225
137	87	77	63	123	140	158	199	213	229
138	66	88	76	156	121	141	228	201	218
139	82	84	64	133	131	164	209	205	235
140	87	63	80	127	167	137	202	239	213
141	66	78	88	161	138	124	233	218	204
142	89	68	76	122	157	145	203	231	222
143	86	81	67	130	136	166	207	216	237
144	81	85	69	135	130	162	217	212	234
145	89	80	68	127	142	168	208	222	241
146	83	82	72	131	132	160	219	220	230
147	90	70	79	126	159	481	210	240	226
148	71	91	78	165	125	151	243	211	227
149	77	92	74	155	128	163	232	214	242
150	93	79	74	129	155	159	215	236	245
151	85	91	71	148	135	170	227	221	248
152	84	94	73	154	133	173	238	223	251
153	83	75	95	481	169	134	244	250	224
154	73	94	86	175	136	152	253	225	238
155	93	74	92	149	181	150	232	263	236
156	88	96	76	157	138	180	246	228	260
157	76	96	89	184	142	156	264	231	246
158	97	77	87	137	176	163	229	261	247
159	90	79	93	150	178	147	245	256	240
160	82	83	98	169	171	146	254	252	230
161	78	99	88	183	141	165	267	233	249
162	81	100	85	177	144	172	265	234	255
163	97	92	77	149	158	185	242	247	269
164	82	101	84	179	139	171	266	235	259
165	91	99	78	161	148	186	249	243	271
166	86	102	81	172	143	182	257	237	268
167	103	87	80	140	174	176	239	258	270
168	89	104	80	174	145	187	262	241	275
169	95	98	83	160	153	188	254	250	274
170	105	91	85	151	177	189	248	272	277
171	82	98	101	191	164	160	280	259	252
172	100	81	102	166	196	162	257	287	255
173	84	106	94	193	152	179	283	251	273
174	80	104	103	203	167	168	295	258	262
175	107	86	94	154	194	182	253	285	276
176	97	87	103	167	192	158	270	282	261
177	100	105	85	170	162	200	272	265	292
178	93	108	90	481	159	190	279	256	284
179	84	101	106	204	173	164	293	273	266
180	109	96	88	156	183	199	260	278	291
181	110	93	92	155	195	190	263	286	288
182	107	102	86	166	175	206	268	276	299
183	99	109	88	180	161	205	278	267	296
184	96	111	89	187	157	202	281	264	294
185	112	92	97	163	198	197	269	298	289
186	113	99	91	165	189	207	271	290	303
187	104	89	111	184	210	168	281	306	275
188	95	114	98	201	169	481	302	274	297
189	113	91	105	170	214	186	277	310	290
190	110	108	93	178	181	212	284	288	309
191	101	98	115	201	208	171	304	307	280
192	97	103	116	211	198	176	312	305	282
193	117	94	106	173	215	194	283	316	301
194	117	107	94	175	193	218	285	301	317
195	110	92	118	197	219	181	300	323	286
196	100	102	119	213	209	172	314	311	287
197	112	118	92	195	185	225	300	289	328
198	112	97	116	192	221	185	305	324	298
199	120	96	109	180	224	202	291	326	308
200	100	121	105	217	177	209	321	292	313
201	98	114	115	222	191	188	325	304	302
202	120	111	96	184	199	227	294	308	330
203	122	103	104	174	216	211	295	320	319
204	106	101	123	208	220	179	318	327	293
205	124	109	99	183	207	226	296	315	332
206	125	102	107	182	223	213	299	331	322
207	124	99	113	186	229	205	303	338	315
208	115	123	101	204	191	231	318	307	340
209	119	121	100	200	196	234	313	311	342
210	111	126	104	216	187	228	329	306	337
211	122	116	103	192	203	230	312	319	341
212	110	127	108	481	190	219	334	309	336
213	125	119	102	196	206	236	314	322	346
214	105	128	113	233	189	217	343	310	333
215	117	106	129	220	239	193	335	351	316
216	122	104	126	210	242	203	329	355	320
217	105	121	128	244	214	200	357	333	321
218	117	130	107	223	194	240	339	317	354
219	110	118	127	238	212	195	347	336	323
220	106	123	129	241	215	204	359	335	327
221	116	131	112	232	198	235	345	324	353
222	115	114	132	481	237	201	348	352	325
223	107	130	125	248	206	218	364	331	339
224	120	109	133	226	246	199	344	362	326
225	134	118	112	197	232	243	328	349	358
226	133	109	124	205	250	224	332	365	344
227	135	111	120	202	247	228	330	363	350
228	126	111	135	227	253	210	350	373	337
229	124	113	136	233	252	207	356	371	338
230	137	116	122	211	249	235	341	368	361
231	115	138	123	241	208	237	374	340	360
232	134	112	131	221	256	225	345	376	349
233	128	136	113	229	214	255	356	343	375
234	121	119	139	245	251	209	366	372	342
235	137	131	116	221	230	259	353	361	383
236	140	119	125	213	254	245	346	380	369
237	115	132	138	262	231	222	385	360	352
238	141	127	118	219	243	481	347	367	382
239	129	142	117	240	215	261	370	351	387
240	117	142	130	263	218	239	390	354	370
241	138	129	123	220	231	258	359	374	381
242	126	143	122	249	216	257	377	355	384
243	141	118	134	225	264	238	358	392	367
244	128	121	144	251	260	217	378	389	357
245	140	139	119	234	236	269	366	369	396
246	133	145	120	247	224	267	379	362	395
247	145	135	120	227	246	272	363	379	400
248	146	125	130	223	265	254	364	393	388
249	143	137	122	230	242	270	368	377	398
250	147	133	124	226	252	268	365	386	399
251	121	139	144	276	244	234	404	378	372
252	124	136	147	275	250	229	402	386	371
253	126	135	148	274	257	228	403	391	373
254	140	125	146	248	279	236	388	410	380
255	128	149	136	277	233	260	409	375	394
256	150	134	131	232	266	271	376	401	406
257	148	143	126	242	253	280	384	391	416
258	129	138	151	273	261	241	412	397	381
259	152	131	137	235	278	266	383	413	405
260	128	144	149	283	255	244	418	394	389
261	129	151	142	281	239	258	417	387	397
262	138	132	153	481	273	237	408	415	385
263	130	142	154	284	265	240	424	407	390
264	134	155	141	481	243	271	421	392	411
265	154	146	130	248	263	286	393	407	427
266	152	150	131	256	259	291	401	405	430
267	133	156	145	289	246	268	429	395	414
268	156	133	147	250	293	267	399	432	414
269	140	157	139	282	245	285	423	396	425
270	143	158	137	278	249	288	420	398	428
271	150	155	134	264	256	297	411	406	435
272	145	159	135	274	247	292	419	400	434
273	153	151	138	258	262	296	412	415	433
274	159	148	135	253	272	300	403	419	441
275	160	147	136	252	277	298	402	422	440
276	144	139	161	282	290	251	426	436	404
277	136	149	160	301	275	255	443	422	409
278	152	137	158	270	299	259	420	445	413
279	140	146	162	295	287	254	442	431	410
280	163	143	148	257	302	294	416	447	438
281	151	164	142	284	261	303	437	417	451
282	157	161	139	276	269	307	426	423	454
283	144	165	149	304	260	290	450	418	444
284	164	154	142	263	281	306	424	437	452
285	140	166	157	309	269	287	461	425	439
286	154	167	146	295	265	308	448	427	456
287	162	166	140	285	279	316	439	431	471
288	168	158	143	270	294	311	428	446	466
289	145	156	169	310	292	267	464	449	429
290	144	161	165	313	283	276	465	444	436
291	152	170	150	305	266	299	455	430	458
292	145	169	159	315	272	289	470	434	449
293	171	156	147	268	298	312	432	453	467
294	168	143	163	280	321	288	438	475	446
295	167	162	146	279	286	318	442	448	472
296	153	172	151	303	273	481	460	433	463
297	173	155	150	271	305	481	435	459	468
298	171	147	160	275	319	293	440	474	453
299	152	158	170	314	291	278	469	458	445
300	174	148	159	274	320	302	441	476	457
301	175	160	149	277	304	323	443	462	480
302	163	148	174	300	326	280	457	482	447
303	151	172	164	325	281	296	481	451	460
304	175	149	165	283	328	301	450	487	462
305	173	150	170	291	330	297	455	490	459
306	164	176	154	308	284	327	473	452	485
307	177	161	157	282	317	322	454	477	483
308	154	176	167	329	286	306	491	456	473
309	157	166	178	332	317	285	492	478	461
310	156	179	169	334	289	312	496	464	479
311	168	180	158	324	288	336	484	466	497
312	156	171	179	338	310	293	500	479	467
313	161	181	165	331	290	322	495	465	489
314	182	170	158	299	324	337	469	486	503
315	183	159	169	292	339	320	470	504	488
316	162	184	166	335	287	318	499	471	494
317	177	157	178	309	342	307	478	507	477
318	162	167	184	333	316	295	502	494	472
319	185	171	160	298	323	341	474	493	509
320	174	159	183	315	343	300	488	511	476
321	186	168	163	294	326	340	475	498	506
322	177	181	161	313	307	344	489	483	512
323	185	160	175	301	346	319	480	515	493
324	180	182	158	314	311	347	486	484	519
325	164	172	187	481	327	303	513	501	481
326	186	163	174	302	345	321	482	516	498
327	164	187	176	349	306	325	520	485	501
328	175	165	188	331	348	304	505	522	487
329	167	176	189	350	333	308	523	508	491
330	170	190	173	481	305	337	521	490	514
331	181	188	165	328	313	352	505	495	526
332	191	178	166	309	335	351	492	510	525
333	167	189	184	358	318	329	532	502	508
334	179	192	169	339	310	354	518	496	528
335	166	184	191	360	332	316	537	510	499
336	168	193	180	353	311	340	535	497	517
337	182	190	170	330	314	356	514	503	529
338	194	179	171	312	341	357	500	524	533
339	183	169	192	334	361	315	518	538	504
340	186	193	168	336	321	365	517	506	544
341	194	171	185	319	364	338	509	542	524
342	177	178	195	355	344	317	534	531	507
343	196	174	183	320	363	345	511	543	527
344	177	195	181	359	322	342	539	512	531
345	186	174	196	343	367	326	527	549	516
346	197	185	175	323	348	366	515	530	548
347	180	198	182	362	324	353	545	519	541
348	175	188	197	369	346	328	551	530	522
349	176	187	199	481	350	327	552	536	520
350	199	189	176	329	349	370	523	536	553
351	191	200	178	355	332	372	540	525	559
352	181	201	188	371	331	359	556	526	547
353	180	193	198	375	347	336	558	541	535
354	202	192	179	334	357	377	528	546	564
355	178	200	195	378	342	351	565	534	540
356	203	190	182	337	362	481	529	550	561
357	202	179	194	338	381	354	533	568	546
358	184	189	204	374	368	333	562	554	532
359	181	195	201	379	352	344	569	547	539
360	205	191	184	335	368	376	537	555	567
361	206	183	192	339	380	363	538	570	557
362	203	182	198	347	383	356	545	573	550
363	206	196	183	343	361	385	543	557	576
364	207	194	185	341	366	384	542	560	574
365	208	193	186	340	373	382	544	563	575
366	197	207	185	364	346	386	560	548	578
367	209	186	196	345	387	373	549	579	566
368	184	204	205	391	360	358	583	555	554
369	188	210	197	388	348	371	582	551	571
370	199	211	189	374	350	481	572	553	584
371	188	201	210	392	369	352	588	571	556
372	191	212	200	393	351	376	589	559	577
373	208	186	209	367	400	365	566	598	563
374	204	189	211	370	394	358	572	592	562
375	213	198	193	353	382	389	558	580	587
376	205	212	191	372	360	398	577	567	597
377	202	214	192	380	354	397	581	564	596
378	195	200	215	396	379	355	593	585	565
379	215	201	195	359	378	395	569	585	595
380	206	192	214	377	403	361	581	602	570
381	202	194	216	390	399	357	586	600	568
382	208	213	193	375	365	402	580	575	603
383	198	217	203	481	362	389	601	573	591
384	218	194	207	364	406	390	574	609	590
385	219	196	206	363	405	387	576	608	594
386	220	207	197	366	388	407	578	599	612
387	219	209	196	367	385	408	579	594	613
388	220	197	210	369	410	386	582	615	599
389	213	217	198	383	375	409	591	587	614
390	216	194	218	384	413	381	590	620	586
391	204	221	205	404	368	394	610	583	607
392	201	222	210	411	371	395	618	588	605
393	223	200	212	372	414	401	589	621	604
394	204	211	221	481	391	374	617	607	592
395	215	222	201	392	379	417	605	595	625
396	224	215	200	378	401	419	593	606	628
397	202	225	214	421	377	399	629	596	611
398	226	212	205	376	404	416	597	616	626
399	225	202	216	381	420	397	600	631	611
400	208	209	227	412	402	373	623	622	598
401	223	224	200	396	393	425	606	604	638
402	208	227	213	415	382	400	630	603	622
403	206	214	228	422	405	380	633	619	602
404	221	226	205	398	391	481	616	610	636
405	219	206	228	403	426	385	619	640	608
406	229	218	207	384	407	424	609	624	639
407	220	229	207	406	386	423	624	612	643
408	219	230	209	412	387	427	627	613	642
409	231	217	213	389	415	481	614	635	641
410	220	210	232	418	423	388	632	648	615
411	210	222	233	428	418	392	649	634	618
412	230	227	209	400	408	430	623	627	650
413	234	216	218	390	424	420	620	647	644
414	223	212	235	416	429	393	637	652	621
415	231	213	227	402	431	409	630	651	635
416	226	235	212	414	398	481	637	626	658
417	215	236	222	432	395	419	653	625	645
418	233	232	210	410	411	441	632	634	665
419	224	236	215	417	396	434	645	628	656
420	234	225	216	399	413	433	631	644	655
421	237	214	225	397	436	422	629	661	646
422	237	228	214	403	421	440	633	646	666
423	220	232	229	438	407	410	659	643	648
424	229	234	218	413	406	439	647	639	663
425	223	238	224	437	401	429	660	638	657
426	219	228	239	442	427	405	667	654	640
427	219	239	230	443	408	426	671	642	654
428	240	233	222	411	435	447	649	662	675
429	223	235	238	481	425	414	674	657	652
430	230	241	227	431	412	444	669	650	672
431	227	241	231	481	415	430	673	651	669
432	236	242	222	435	417	449	664	653	681
433	234	243	225	436	420	446	670	655	680
434	244	236	224	419	437	451	656	668	685
435	242	240	222	428	432	453	662	664	689
436	225	243	237	452	421	433	687	661	670
437	238	244	224	434	425	481	668	660	688
438	232	245	229	439	423	448	677	659	679
439	245	234	229	424	438	446	663	677	683
440	237	246	228	445	422	454	676	666	691
441	233	247	232	448	418	450	684	665	686
442	248	239	228	426	445	455	667	678	692
443	249	230	239	427	456	444	671	694	682
444	249	241	230	430	443	481	672	682	697
445	248	228	246	440	462	442	676	703	678
446	245	243	234	433	439	457	680	683	695
447	240	250	233	450	428	459	690	675	698
448	232	247	245	461	438	441	699	679	684
449	242	236	251	451	458	432	693	702	681
450	233	250	247	465	441	447	708	686	690
451	244	251	236	449	434	481	693	685	704
452	252	237	243	436	463	454	687	706	696
453	242	253	240	460	435	458	700	689	705
454	252	246	237	440	452	467	691	696	709
455	248	254	239	456	442	468	701	692	712
456	254	249	239	443	455	481	694	701	715
457	245	255	243	464	446	466	710	695	711
458	242	251	253	481	453	449	716	705	702
459	256	250	240	447	460	471	698	707	719
460	253	256	240	459	453	481	707	700	723
461	257	245	247	448	469	466	699	718	713
462	248	246	258	470	468	445	717	720	703
463	259	252	243	452	464	473	706	714	725
464	255	259	243	463	457	476	714	710	730
465	260	247	250	450	472	469	708	724	722
466	257	255	245	457	461	474	711	713	728
467	261	246	252	454	475	470	709	729	721
468	248	258	254	481	455	462	726	712	720
469	260	257	247	461	465	477	718	722	732
470	261	258	246	462	467	481	717	721	734
471	256	262	250	472	459	481	727	719	733
472	260	250	262	471	481	465	727	739	724
473	259	263	252	475	463	480	731	725	738
474	264	255	257	466	479	478	728	737	735
475	263	261	252	467	473	481	729	731	741
476	255	265	259	480	464	478	742	730	736
477	260	266	257	479	469	481	740	732	743
478	264	265	255	476	474	481	736	735	746
479	266	264	257	474	477	481	737	740	747
480	259	265	263	481	473	476	745	738	742
481	260	262	266	481	477	472	744	743	739
482	267	2	1	1	483	484	2	748	749
483	267	1	268	486	485	482	751	750	748
484	267	269	2	489	482	487	754	749	752
485	270	267	268	483	490	488	750	756	753
486	6	268	1	483	5	491	751	8	757
487	267	271	269	493	484	488	758	752	755
488	267	270	271	495	487	485	761	755	753
489	269	8	2	8	484	494	12	754	759
490	272	270	268	485	492	497	756	760	763
491	6	273	268	492	486	498	762	757	765
492	272	268	273	491	501	490	762	770	760
493	269	271	274	499	496	487	767	764	758
494	8	269	275	496	502	489	766	771	759
495	276	271	270	488	500	499	761	768	772
496	274	275	269	494	493	504	766	764	773
497	272	277	270	500	490	503	769	763	774
498	273	6	15	17	506	491	28	776	765
499	274	271	276	495	505	493	772	775	767
500	277	276	270	495	497	508	768	769	779
501	278	272	273	492	507	503	770	778	777
502	8	275	17	510	21	494	780	32	771
503	277	272	278	501	512	497	777	784	774
504	274	279	275	511	496	509	783	773	781
505	280	274	276	499	513	509	775	786	785
506	281	273	15	498	515	507	776	789	782
507	281	278	273	501	506	517	778	782	791
508	277	282	276	514	500	516	788	779	790
509	280	279	274	504	505	519	781	785	794
510	275	283	17	521	502	511	795	780	787
511	279	283	275	510	504	522	787	783	797
512	277	278	284	520	518	503	796	792	784
513	280	276	285	514	523	505	793	800	786
514	282	285	276	513	508	527	793	788	802
515	281	15	25	34	525	506	54	801	789
516	277	286	282	529	508	518	805	790	798
517	281	287	278	520	507	528	799	791	804
518	286	277	284	512	530	516	792	808	798
519	280	288	279	524	509	526	803	794	806
520	278	287	284	531	512	517	810	796	799
521	283	29	17	40	510	532	61	795	811
522	283	279	289	524	535	511	807	812	797
523	280	285	290	533	526	513	816	809	800
524	289	279	288	519	538	522	803	820	807
525	291	281	25	515	537	528	801	817	813
526	280	290	288	540	519	523	824	806	809
527	292	285	282	514	534	533	802	814	818
528	287	281	291	525	539	517	813	821	804
529	282	286	293	541	534	516	825	815	805
530	286	284	294	536	542	518	819	826	808
531	295	284	287	520	543	536	810	827	823
532	283	296	29	546	521	535	829	811	822
533	292	290	285	523	527	545	816	818	828
534	282	293	292	547	527	529	830	814	815
535	283	289	296	544	532	522	831	822	812
536	295	294	284	530	531	553	819	823	838
537	38	291	25	525	56	551	817	86	837
538	297	289	288	524	548	544	820	832	836
539	298	287	291	528	552	543	821	839	833
540	290	299	288	550	526	549	835	824	840
541	300	293	286	529	542	556	825	834	845
542	300	286	294	530	559	541	826	847	834
543	298	295	287	531	539	557	827	833	844
544	296	289	297	538	555	535	836	843	831
545	301	290	292	533	554	549	828	846	841
546	296	44	29	65	532	560	101	829	851
547	292	293	302	558	554	534	850	848	830
548	297	288	303	550	566	538	842	857	832
549	301	299	290	540	545	563	840	841	854
550	303	288	299	540	567	548	835	859	842
551	38	304	291	552	537	565	849	837	856
552	298	291	304	551	564	539	849	862	839
553	295	305	294	561	536	562	852	838	855
554	292	302	301	569	545	547	864	846	848
555	297	306	296	560	544	568	858	843	863
556	293	300	307	571	558	541	866	853	845
557	298	308	295	562	543	564	860	844	865
558	293	307	302	575	547	556	871	850	853
559	300	294	309	561	573	542	861	869	847
560	44	296	306	555	572	546	858	867	851
561	309	294	305	553	580	559	852	878	861
562	308	305	295	553	557	577	855	860	875
563	310	299	301	549	574	570	854	872	868
564	298	304	308	576	557	552	874	865	862
565	304	38	54	84	578	551	127	879	856
566	297	303	311	581	568	548	880	870	857
567	303	299	312	570	582	550	873	882	859
568	297	311	306	583	555	566	883	863	870
569	301	302	313	579	574	554	881	877	864
570	310	312	299	567	563	589	873	868	888
571	307	300	314	573	586	556	876	887	866
572	44	306	59	584	91	560	886	145	867
573	300	309	314	590	571	559	890	876	869
574	310	301	313	569	591	563	877	889	872
575	302	307	315	588	579	558	891	884	871
576	308	304	316	578	587	564	885	895	874
577	317	305	308	562	587	585	875	896	893
578	316	304	54	565	593	576	879	898	885
579	302	315	313	594	569	575	901	881	884
580	309	305	318	585	592	561	894	899	878
581	311	303	319	582	596	566	892	902	880
582	319	303	312	567	598	581	882	906	892
583	306	311	320	597	584	568	903	897	883
584	306	320	59	602	572	583	910	886	897
585	318	305	317	577	605	580	893	912	894
586	307	314	321	603	588	571	911	900	887
587	316	317	308	577	576	600	896	895	909
588	307	321	315	606	575	586	913	891	900
589	322	312	310	570	595	599	888	905	908
590	309	323	314	604	573	592	914	890	904
591	324	310	313	574	601	595	889	915	907
592	318	323	309	590	580	609	904	899	921
593	316	54	70	112	608	578	173	919	898
594	313	315	325	607	601	579	920	917	901
595	322	310	324	591	612	589	907	925	905
596	326	311	319	581	613	597	902	926	916
597	320	311	326	596	614	583	916	927	903
598	319	312	327	599	615	582	918	928	906
599	322	327	312	598	589	618	918	908	935
600	316	328	317	610	587	611	924	909	923
601	324	313	325	594	617	591	917	933	915
602	320	75	59	121	584	616	186	910	931
603	321	314	329	604	620	586	922	936	911
604	314	323	329	624	603	590	938	922	914
605	318	317	330	610	619	585	930	934	912
606	315	321	331	623	607	588	939	929	913
607	315	331	325	630	594	606	946	920	929
608	316	70	332	629	611	593	945	932	919
609	318	333	323	627	592	622	943	921	937
610	328	330	317	605	600	631	930	924	949
611	328	316	332	608	632	600	932	950	923
612	322	324	334	626	625	595	947	942	925
613	335	326	319	596	621	628	926	940	954
614	320	326	336	628	616	597	955	941	927
615	337	319	327	598	634	621	928	958	944
616	320	336	75	635	602	614	959	931	941
617	324	325	338	633	626	601	956	952	933
618	327	322	339	625	636	599	951	960	935
619	340	318	330	605	640	622	934	963	948
620	321	329	341	638	623	603	962	953	936
621	335	319	337	615	646	613	944	969	940
622	340	333	318	609	619	649	937	948	973
623	321	341	331	643	606	620	967	939	953
624	342	329	323	604	627	639	938	957	965
625	339	322	334	612	648	618	942	971	951
626	334	324	338	617	644	612	952	968	947
627	342	323	333	609	650	624	943	975	957
628	336	326	335	613	642	614	954	964	955
629	90	332	70	608	148	641	945	226	974
630	325	331	343	647	633	607	977	961	946
631	330	328	344	637	645	610	966	976	949
632	345	328	332	611	641	637	950	978	970
633	338	325	343	630	652	617	961	981	956
634	337	327	346	636	655	615	972	984	958
635	336	95	75	154	616	651	244	959	983
636	327	339	346	657	634	618	986	972	960
637	345	344	328	631	632	663	966	970	996
638	341	329	347	639	662	620	979	993	962
639	329	342	347	666	638	624	997	979	965
640	348	340	330	619	645	658	963	980	994
641	90	345	332	632	629	660	978	974	989
642	335	349	336	651	628	653	987	964	985
643	331	341	350	665	647	623	1000	982	967
644	334	338	351	659	654	626	998	988	968
645	348	330	344	631	667	640	976	1002	980
646	335	337	352	661	653	621	999	992	969
647	343	331	350	643	668	630	982	1004	977
648	339	334	353	654	664	625	990	1001	971
649	354	333	340	622	658	656	973	1003	991
650	342	333	355	656	669	627	995	1008	975
651	95	336	349	642	670	635	987	1007	983
652	356	338	343	633	671	659	981	1010	1005
653	335	352	349	673	642	646	1012	985	992
654	351	353	334	648	644	678	990	988	1019
655	337	346	357	675	661	634	1015	1006	984
656	333	354	355	685	650	649	1027	995	991
657	358	346	339	636	664	676	986	1009	1017
658	348	354	340	649	640	674	1003	994	1014
659	351	338	356	652	682	644	1005	1024	998
660	345	90	108	179	672	641	279	1016	989
661	337	357	352	686	646	655	1025	999	1006
662	359	341	347	638	681	665	993	1023	1011
663	360	344	345	637	672	677	996	1020	1018
664	358	339	353	648	688	657	1001	1030	1009
665	350	341	359	662	687	643	1011	1028	1000
666	347	342	361	669	684	639	1013	1026	997
667	362	348	344	645	679	680	1002	1021	1029
668	363	343	350	647	689	671	1004	1034	1022
669	355	361	342	666	650	692	1013	1008	1037
670	95	349	114	683	189	651	1033	297	1007
671	363	356	343	652	668	696	1010	1022	1041
672	360	345	108	660	694	663	1016	1040	1020
673	352	364	349	683	653	690	1035	1012	1038
674	348	365	354	693	658	680	1043	1014	1036
675	366	357	346	655	676	697	1015	1032	1047
676	366	346	358	657	700	675	1017	1048	1032
677	360	367	344	679	663	701	1031	1018	1054
678	351	368	353	695	654	691	1045	1019	1042
679	362	344	367	677	707	667	1031	1059	1021
680	362	365	348	674	667	703	1036	1029	1055
681	369	359	347	662	684	706	1023	1039	1057
682	351	356	370	699	691	659	1052	1044	1024
683	349	364	114	704	670	673	1056	1033	1035
684	369	347	361	666	709	681	1026	1061	1039
685	371	355	354	656	693	698	1027	1050	1051
686	357	372	352	690	661	702	1049	1025	1058
687	373	350	359	665	708	689	1028	1063	1046
688	374	358	353	664	695	705	1030	1053	1062
689	373	363	350	668	687	711	1034	1046	1068
690	364	352	372	686	713	673	1049	1070	1038
691	368	351	370	682	716	678	1044	1072	1042
692	361	355	375	698	710	669	1060	1067	1037
693	371	354	365	674	712	685	1043	1071	1050
694	360	108	127	213	701	672	334	1066	1040
695	374	353	368	678	718	688	1045	1076	1053
696	356	363	376	715	699	671	1073	1064	1041
697	366	377	357	702	675	721	1065	1047	1080
698	371	375	355	692	685	724	1060	1051	1084
699	356	376	370	726	682	696	1086	1052	1064
700	366	358	378	705	722	676	1069	1083	1048
701	360	127	367	720	677	694	1077	1054	1066
702	357	377	372	723	686	697	1088	1058	1065
703	365	362	379	714	717	680	1075	1082	1055
704	364	132	114	223	683	719	348	1056	1081
705	358	374	378	730	700	688	1093	1069	1062
706	369	380	359	708	681	728	1074	1057	1091
707	381	362	367	679	725	714	1059	1087	1078
708	380	373	359	687	706	732	1063	1074	1094
709	382	369	361	684	710	729	1061	1079	1092
710	375	382	361	709	692	735	1079	1067	1102
711	373	383	363	715	689	734	1085	1068	1100
712	384	371	365	693	717	731	1071	1090	1097
713	364	372	385	723	719	690	1103	1089	1070
714	381	379	362	703	707	738	1075	1078	1105
715	376	363	383	711	737	696	1085	1104	1073
716	370	386	368	727	691	733	1095	1072	1101
717	384	365	379	703	741	712	1082	1111	1090
718	387	374	368	695	727	736	1076	1098	1109
719	364	385	132	744	704	713	1113	1081	1089
720	141	367	127	701	239	725	1077	382	1096
721	377	366	388	722	743	697	1099	1115	1080
722	366	378	388	745	721	700	1118	1099	1083
723	385	372	377	702	740	713	1088	1110	1103
724	375	371	389	731	739	698	1106	1112	1084
725	141	381	367	707	720	746	1087	1096	1120
726	376	390	370	733	699	742	1107	1086	1117
727	387	368	386	716	751	718	1095	1124	1098
728	380	369	391	729	749	706	1108	1123	1091
729	391	369	382	709	754	728	1092	1128	1108
730	392	378	374	705	736	747	1093	1116	1121
731	389	371	384	712	752	724	1097	1126	1106
732	393	373	380	708	750	734	1094	1127	1114
733	370	390	386	758	716	726	1132	1101	1107
734	373	393	383	757	711	732	1130	1100	1114
735	375	394	382	756	710	739	1131	1102	1119
736	387	392	374	730	718	761	1116	1109	1137
737	376	383	395	759	742	715	1136	1122	1104
738	396	379	381	714	753	748	1105	1134	1129
739	394	375	389	724	762	735	1112	1143	1119
740	377	397	385	755	723	743	1139	1110	1125
741	398	384	379	717	748	760	1111	1133	1140
742	376	395	390	765	726	737	1145	1117	1122
743	377	388	397	763	740	721	1144	1125	1115
744	385	153	132	263	719	755	408	1113	1142
745	378	399	388	766	722	747	1150	1118	1135
746	381	141	155	265	753	725	421	1138	1120
747	399	378	392	730	768	745	1121	1153	1135
748	398	379	396	738	773	741	1129	1156	1133
749	380	391	400	771	750	728	1155	1141	1123
750	400	393	380	732	749	775	1127	1141	1158
751	387	386	401	764	767	727	1149	1151	1124
752	389	384	402	760	770	731	1147	1154	1126
753	396	381	155	746	779	738	1138	1161	1134
754	391	382	403	756	774	729	1146	1160	1128
755	153	385	397	740	778	744	1139	1159	1142
756	403	382	394	735	782	754	1131	1167	1146
757	404	383	393	734	780	759	1130	1166	1148
758	390	405	386	764	733	772	1152	1132	1162
759	383	404	395	783	737	757	1169	1136	1148
760	398	402	384	752	741	781	1147	1140	1171
761	387	406	392	777	736	769	1168	1137	1157
762	407	394	389	739	776	784	1143	1164	1173
763	397	388	408	766	785	743	1163	1177	1144
764	401	386	405	758	789	751	1152	1180	1149
765	390	395	409	786	772	742	1176	1170	1145
766	408	388	399	745	788	763	1150	1178	1163
767	387	401	410	791	769	751	1187	1165	1151
768	399	392	411	777	790	747	1174	1182	1153
769	406	387	410	767	798	761	1165	1195	1157
770	412	389	402	752	793	776	1154	1191	1172
771	391	413	400	792	749	774	1189	1155	1175
772	390	409	405	795	758	765	1190	1162	1170
773	398	396	414	787	781	748	1181	1184	1156
774	391	403	413	797	771	754	1194	1175	1160
775	415	393	400	750	794	780	1158	1192	1179
776	412	407	389	762	770	803	1164	1172	1199
777	411	392	406	761	800	768	1168	1196	1174
778	153	397	172	785	297	755	1186	463	1159
779	173	396	155	753	298	787	1161	468	1185
780	415	404	393	757	775	801	1166	1179	1198
781	398	414	402	796	760	773	1193	1171	1184
782	416	403	394	756	784	802	1167	1183	1200
783	417	395	404	759	805	786	1169	1204	1188
784	407	416	394	782	762	808	1183	1173	1206
785	397	408	172	807	778	763	1205	1186	1177
786	417	409	395	765	783	810	1176	1188	1211
787	173	414	396	773	779	812	1181	1185	1214
788	408	399	418	790	809	766	1197	1209	1178
789	419	401	405	764	804	799	1180	1207	1201
790	399	411	418	811	788	768	1215	1197	1182
791	401	420	410	814	767	799	1216	1187	1202
792	400	413	421	816	794	771	1220	1203	1189
793	412	402	422	806	818	770	1208	1221	1191
794	400	421	415	820	775	792	1224	1192	1203
795	405	409	423	813	804	772	1219	1213	1190
796	424	402	414	781	819	806	1193	1227	1210
797	425	413	403	774	802	821	1194	1212	1228
798	406	410	426	817	800	769	1223	1218	1195
799	419	420	401	791	789	824	1202	1201	1231
800	406	426	411	815	777	798	1226	1196	1218
801	427	404	415	780	823	805	1198	1233	1217
802	416	425	403	797	782	825	1212	1200	1235
803	428	407	412	776	822	808	1199	1230	1222
804	419	405	423	795	826	789	1213	1236	1207
805	427	417	404	783	801	828	1204	1217	1238
806	422	402	424	796	829	793	1210	1242	1208
807	408	187	172	326	785	809	513	1205	1225
808	428	416	407	784	803	827	1206	1222	1239
809	408	418	187	831	807	788	1243	1225	1209
810	417	429	409	813	786	830	1229	1211	1244
811	411	430	418	832	790	815	1245	1215	1232
812	414	173	190	331	819	787	521	1237	1214
813	423	409	429	810	834	795	1229	1248	1219
814	431	410	420	791	833	817	1216	1247	1234
815	411	426	430	840	811	800	1254	1232	1226
816	421	413	432	821	836	792	1241	1250	1220
817	410	431	426	842	798	814	1259	1223	1234
818	412	422	433	835	822	793	1257	1240	1221
819	424	414	190	812	838	796	1237	1251	1227
820	434	415	421	794	839	823	1224	1255	1246
821	425	432	413	816	797	843	1241	1228	1260
822	428	412	433	818	847	803	1240	1266	1230
823	434	427	415	801	820	846	1233	1246	1264
824	419	435	420	837	799	826	1256	1231	1253
825	436	425	416	802	827	845	1235	1249	1265
826	419	423	435	841	824	804	1261	1253	1236
827	428	436	416	825	808	849	1249	1239	1271
828	437	417	427	805	848	830	1238	1270	1252
829	422	424	438	844	835	806	1267	1263	1242
830	417	437	429	851	810	828	1273	1244	1252
831	418	199	187	350	809	832	552	1243	1258
832	199	418	430	811	852	831	1245	1274	1258
833	431	420	439	837	854	814	1262	1280	1247
834	423	429	440	853	841	813	1277	1269	1248
835	422	438	433	857	818	829	1279	1257	1263
836	441	421	432	816	859	839	1250	1284	1268
837	420	435	439	860	833	824	1285	1262	1256
838	203	424	190	819	357	844	1251	561	1272
839	441	434	421	820	836	863	1255	1268	1288
840	426	442	430	856	815	850	1282	1254	1275
841	423	440	435	861	826	834	1289	1261	1269
842	443	426	431	817	858	850	1259	1287	1276
843	444	432	425	821	845	862	1260	1278	1290
844	203	438	424	829	838	865	1267	1272	1293
845	444	425	436	825	867	843	1265	1296	1278
846	445	427	434	823	866	848	1264	1294	1281
847	446	428	433	822	864	855	1266	1295	1283
848	437	427	445	846	868	828	1281	1298	1270
849	447	436	428	827	855	869	1271	1286	1299
850	426	443	442	873	840	842	1303	1275	1276
851	429	437	448	870	853	830	1302	1291	1273
852	199	430	211	856	371	832	1292	584	1274
853	429	448	440	874	834	851	1307	1277	1291
854	431	439	449	875	858	833	1308	1297	1280
855	446	447	428	849	847	882	1286	1283	1317
856	442	211	430	852	840	876	1292	1282	1311
857	450	433	438	835	871	864	1279	1306	1300
858	443	431	449	854	880	842	1297	1316	1287
859	441	432	451	862	879	836	1301	1315	1284
860	435	452	439	878	837	861	1312	1285	1304
861	452	435	440	841	877	860	1289	1314	1304
862	444	451	432	859	843	885	1301	1290	1320
863	441	453	434	872	839	881	1305	1288	1319
864	446	433	450	857	884	847	1300	1321	1295
865	438	203	217	384	871	844	601	1310	1293
866	454	445	434	846	872	888	1294	1309	1327
867	455	444	436	845	869	887	1296	1313	1326
868	456	437	445	848	889	870	1298	1330	1318
869	455	436	447	849	890	867	1299	1331	1313
870	456	448	437	851	868	892	1302	1318	1333
871	450	438	217	865	891	857	1310	1332	1306
872	453	454	434	866	863	895	1309	1305	1337
873	442	443	221	886	876	850	1328	1325	1303
874	440	448	457	893	877	853	1335	1323	1307
875	458	449	439	854	883	896	1308	1322	1338
876	442	221	211	395	856	873	617	1311	1325
877	452	440	457	874	899	861	1323	1342	1314
878	459	439	452	860	901	883	1312	1345	1324
879	441	451	460	903	881	859	1346	1329	1315
880	226	443	449	858	898	886	1316	1343	1334
881	460	453	441	863	879	902	1319	1329	1348
882	446	461	447	894	855	884	1340	1317	1339
883	458	439	459	878	907	875	1324	1354	1322
884	446	450	461	897	882	864	1347	1339	1321
885	444	462	451	904	862	887	1350	1320	1336
886	221	443	226	880	405	873	1334	636	1328
887	455	462	444	885	867	908	1336	1326	1356
888	463	445	454	866	906	889	1327	1355	1341
889	456	445	463	888	905	868	1341	1358	1330
890	455	447	464	894	909	869	1344	1357	1331
891	231	450	217	871	410	897	1332	641	1352
892	456	465	448	900	870	905	1349	1333	1363
893	448	466	457	910	874	900	1364	1335	1351
894	464	447	461	882	912	890	1340	1365	1344
895	467	454	453	872	902	906	1337	1359	1362
896	458	235	449	898	875	911	1353	1338	1367
897	231	461	450	884	891	913	1347	1352	1366
898	226	449	235	896	417	880	1353	658	1343
899	452	457	468	914	901	877	1368	1360	1342
900	466	448	465	892	923	893	1349	1379	1351
901	459	452	468	899	916	878	1360	1371	1345
902	467	453	460	881	915	895	1348	1370	1359
903	469	460	451	879	904	918	1346	1361	1375
904	469	451	462	885	922	903	1350	1380	1361
905	456	463	465	920	892	889	1373	1363	1358
906	463	454	467	895	921	888	1362	1377	1355
907	458	459	238	919	911	883	1374	1372	1354
908	455	470	462	924	887	909	1381	1356	1369
909	455	464	470	925	908	890	1385	1369	1357
910	471	457	466	893	929	917	1364	1387	1376
911	458	238	235	430	896	907	674	1367	1372
912	464	461	241	913	926	894	1383	1386	1365
913	461	231	241	432	912	897	673	1383	1366
914	468	457	472	917	931	899	1378	1393	1368
915	467	460	473	918	928	902	1384	1392	1370
916	244	459	468	901	933	919	1371	1397	1382
917	472	457	471	910	935	914	1376	1400	1378
918	460	469	473	934	915	903	1399	1384	1375
919	238	459	244	916	438	907	1382	688	1374
920	465	463	474	921	930	905	1389	1391	1373
921	474	463	467	906	928	920	1377	1395	1389
922	469	462	475	927	936	904	1388	1402	1380
923	466	465	476	930	932	900	1396	1398	1379
924	477	462	470	908	937	927	1381	1403	1390
925	249	470	464	909	926	938	1385	1394	1405
926	249	464	241	912	445	925	1386	697	1394
927	477	475	462	922	924	944	1388	1390	1413
928	474	467	473	915	939	921	1392	1406	1395
929	471	466	478	932	941	910	1401	1408	1387
930	465	474	476	943	923	920	1409	1396	1391
931	472	251	468	933	914	940	1404	1393	1412
932	466	476	478	947	929	923	1417	1401	1398
933	244	468	251	931	452	916	1404	704	1397
934	479	473	469	918	936	945	1399	1407	1415
935	472	471	253	942	940	917	1410	1414	1400
936	479	469	475	922	949	934	1402	1418	1407
937	477	470	254	938	950	924	1411	1421	1403
938	254	470	249	925	457	937	1405	715	1411
939	474	473	480	946	948	928	1419	1420	1406
940	472	253	251	459	931	935	716	1412	1414
941	256	471	478	929	953	942	1408	1426	1416
942	253	471	256	941	461	935	1416	723	1410
943	481	476	474	930	948	951	1409	1422	1425
944	477	258	475	952	927	950	1424	1413	1427
945	482	473	479	934	955	946	1415	1431	1423
946	480	473	482	945	958	939	1423	1435	1419
947	483	478	476	932	951	954	1417	1429	1430
948	481	474	480	939	956	943	1420	1433	1422
949	261	479	475	936	952	957	1418	1428	1434
950	477	254	258	469	944	937	726	1427	1421
951	483	476	481	943	959	947	1425	1437	1429
952	261	475	258	944	471	949	1424	734	1428
953	256	478	262	954	472	941	1432	733	1426
954	483	262	478	953	947	963	1432	1430	1442
955	482	479	263	957	962	945	1436	1441	1431
956	264	481	480	948	960	961	1433	1438	1440
957	263	479	261	949	476	955	1434	741	1436
958	480	482	265	962	960	946	1444	1439	1435
959	483	481	266	961	963	951	1443	1445	1437
960	264	480	265	958	479	956	1439	746	1438
961	266	481	264	956	480	959	1440	747	1443
962	482	263	265	481	958	955	745	1444	1441
963	483	266	262	482	954	959	744	1442	1445
