484	964	1446 **(Nnd, Nee, Nsd)**
0	0.996075	-0.062381	0.062797
1	0.992115	-0.125333	-0.000000
2	1.000000	0.000000	0.000000
3	0.981106	-0.182787	0.063397
4	0.996184	0.058781	0.064520
5	0.979042	-0.117954	0.166022
6	0.968583	-0.248690	0.000000
7	0.989095	-0.004785	0.147200
8	0.992115	0.125333	-0.000000
9	0.960989	-0.231836	0.150837
10	0.951509	-0.300451	0.066024
11	0.978467	0.107905	0.175953
12	0.980495	0.184094	0.068835
13	0.951077	-0.010171	0.308788
14	0.924316	-0.205694	0.321450
15	0.929776	-0.368125	0.000000
16	0.923345	-0.338238	0.181736
17	0.968583	0.248690	0.000000
18	0.951877	0.246343	0.182332
19	0.925831	0.161482	0.341702
20	0.905899	-0.417545	0.070730
21	0.840877	-0.076901	0.535734
22	0.949102	0.307579	0.067833
23	0.856069	-0.375231	0.355453
24	0.867733	0.066626	0.492544
25	0.876307	-0.481754	-0.000000
26	0.785528	-0.247915	0.566995
27	0.866263	-0.463770	0.185756
28	0.877628	0.336916	0.340964
29	0.929776	0.368125	0.000000
30	0.919023	0.360012	0.160588
31	0.809712	0.199439	0.551898
32	0.845847	-0.528618	0.071457
33	0.726578	0.052449	0.685079
34	0.670772	-0.106469	0.733982
35	0.720877	-0.418163	0.552698
36	0.790343	-0.519526	0.324732
37	0.903458	0.423061	0.069159
38	0.809017	-0.587785	0.000000
39	0.864079	0.465700	0.191027
40	0.808784	-0.562888	0.170370
41	0.722272	0.355369	0.593327
42	0.608669	-0.276686	0.743618
43	0.640380	0.196833	0.742408
44	0.876307	0.481754	-0.000000
45	0.583203	0.037429	0.811464
46	0.778434	0.501605	0.377403
47	0.772086	-0.630453	0.080075
48	0.660901	-0.586761	0.467890
49	0.841107	0.535996	0.072436
50	0.516846	-0.134991	0.845368
51	0.730649	-0.642180	0.231855
52	0.534484	-0.447769	0.716820
53	0.544208	0.350981	0.762004
54	0.728969	-0.684547	-0.000000
55	0.784471	0.590150	0.190602
56	0.617743	0.512959	0.596043
57	0.482119	0.191817	0.854850
58	0.442709	-0.312713	0.840369
59	0.809017	0.587785	0.000000
60	0.408554	0.019232	0.912531
61	0.664644	-0.740392	0.100338
62	0.602609	-0.733879	0.313502
63	0.466732	-0.651232	0.598380
64	0.669838	0.660673	0.338864
65	0.765229	0.640071	0.068804
66	0.331715	-0.157889	0.930073
67	0.433699	0.500079	0.749551
68	0.359640	-0.487081	0.795871
69	0.371872	0.348197	0.860505
70	0.637424	-0.770513	0.000000
71	0.294854	0.175644	0.939261
72	0.712417	0.683506	0.158998
73	0.504756	0.661638	0.554488
74	0.532425	-0.830079	0.165809
75	0.728969	0.684547	-0.000000
76	0.253750	-0.336982	0.906672
77	0.446573	-0.819139	0.359977
78	0.213306	-0.000430	0.976985
79	0.572925	-0.817768	0.054888
80	0.263868	-0.633919	0.726995
81	0.257053	0.499481	0.827310
82	0.623863	0.761193	0.177144
83	0.680289	0.729902	0.066710
84	0.532283	0.780759	0.327247
85	0.181583	0.333031	0.925266
86	0.318674	0.634206	0.704436
87	0.336298	-0.767920	0.545164
88	0.136860	-0.175048	0.975001
89	0.170284	-0.508272	0.844194
90	0.535827	-0.844328	-0.000000
91	0.100481	0.152853	0.983127
92	0.377136	-0.910344	0.170415
93	0.473563	-0.878589	0.061800
94	0.390274	0.790923	0.471304
95	0.637424	0.770513	0.000000
96	0.059799	-0.355198	0.932877
97	0.287783	-0.882032	0.373096
98	0.583283	0.809553	0.066377
99	0.023161	-0.019032	0.999551
100	0.067092	0.488370	0.870054
101	0.516417	0.840407	0.164407
102	0.143129	0.636825	0.757606
103	0.187500	-0.789985	0.583754
104	0.085497	-0.655707	0.750159
105	-0.011392	0.312368	0.949893
106	0.419972	0.867766	0.265719
107	0.222246	0.788647	0.573274
108	0.425779	-0.904827	0.000000
109	-0.052430	-0.193556	0.979687
110	0.372395	-0.926728	0.049981
111	-0.020913	-0.526603	0.849854
112	0.211824	-0.956632	0.199965
113	-0.086619	0.132303	0.987417
114	0.535827	0.844328	-0.000000
115	0.479700	0.875238	0.062013
116	0.122889	-0.917511	0.378248
117	0.287850	0.893259	0.345299
118	0.266479	-0.961358	0.069139
119	-0.046080	0.629261	0.775827
120	-0.132648	-0.374217	0.917805
121	-0.125820	0.468334	0.874547
122	0.011237	-0.818473	0.574435
123	0.426673	0.893628	0.139211
124	-0.162530	-0.039472	0.985914
125	0.041155	0.783522	0.620000
126	-0.098883	-0.671611	0.734276
127	0.309017	-0.951057	-0.000000
128	-0.202869	0.292043	0.934642
129	0.330558	0.927890	0.172484
130	0.130575	0.909551	0.394546
131	0.062125	-0.978837	0.194985
132	0.425779	0.904827	0.000000
133	-0.244587	-0.216595	0.945126
134	0.132711	-0.988333	0.074732
135	-0.208521	-0.538213	0.816606
136	-0.278847	0.115141	0.953408
137	-0.041836	-0.941005	0.335798
138	0.373476	0.925459	0.063568
139	-0.234112	0.600034	0.764951
140	-0.163824	0.787636	0.593962
141	0.187381	-0.982287	0.000000
142	0.200015	0.958619	0.202593
143	-0.189129	-0.850520	0.490761
144	-0.311893	0.440054	0.842066
145	-0.321158	-0.389923	0.863028
146	-0.037525	0.916165	0.399040
147	-0.357855	-0.060559	0.931811
148	-0.276739	-0.675319	0.683637
149	-0.390301	0.269722	0.880293
150	0.001279	-0.997393	0.072143
151	0.256144	0.963929	0.072332
152	-0.059771	-0.983629	0.170001
153	0.309017	0.951057	-0.000000
154	0.052525	0.975063	0.215622
155	0.062791	-0.998027	-0.000000
156	-0.433276	-0.235199	0.870031
157	-0.351175	0.718800	0.600002
158	-0.191854	-0.957330	0.216130
159	-0.382466	-0.538988	0.750475
160	-0.467103	0.095201	0.879063
161	-0.400406	0.555659	0.728641
162	-0.180011	0.919053	0.350624
163	-0.353015	-0.803108	0.479998
164	0.125866	0.988906	0.078881
165	-0.481675	0.407881	0.775643
166	-0.318007	0.865417	0.387202
167	-0.098464	0.973645	0.205719
168	-0.331343	-0.893912	0.301883
169	-0.493533	-0.395962	0.774364
170	-0.126074	-0.989291	0.073547
171	-0.540601	-0.078652	0.837595
172	0.187381	0.982287	0.000000
173	-0.062791	-0.998027	-0.000000
174	-0.450560	-0.693950	0.561631
175	-0.559872	0.242755	0.792221
176	-0.010606	0.996803	0.079186
177	-0.487225	0.667311	0.563300
178	-0.474463	0.788413	0.391523
179	-0.598269	-0.244736	0.763006
180	-0.315852	-0.935785	0.156665
181	-0.563532	0.543566	0.622068
182	-0.252130	-0.965075	0.071145
183	-0.556135	-0.552075	0.621231
184	-0.259272	0.948991	0.179428
185	-0.628698	0.074261	0.774095
186	-0.480198	-0.817529	0.317894
187	0.062791	0.998027	-0.000000
188	-0.645639	0.381781	0.661357
189	-0.145741	0.986711	0.071834
190	-0.187381	-0.982287	0.000000
191	-0.423122	0.882720	0.204385
192	-0.660591	-0.404941	0.632173
193	-0.419935	-0.891999	0.167309
194	-0.695871	-0.090369	0.712459
195	-0.608514	0.683777	0.402691
196	-0.604940	-0.695055	0.388518
197	-0.709427	0.213391	0.671697
198	-0.369159	-0.927066	0.065349
199	-0.062791	0.998027	-0.000000
200	-0.581436	0.791408	0.188694
201	-0.726112	0.538954	0.426953
202	-0.758309	-0.260573	0.597553
203	-0.309017	-0.951057	-0.000000
204	-0.254375	0.965650	0.053048
205	-0.363933	0.928749	0.070551
206	-0.720466	-0.557693	0.412198
207	-0.770897	0.063437	0.633794
208	-0.518109	-0.841397	0.153668
209	-0.606765	-0.771182	0.192650
210	-0.832262	0.347527	0.431932
211	-0.187381	0.982287	0.000000
212	-0.490661	0.868394	0.071725
213	-0.478228	-0.875849	0.064700
214	-0.818821	-0.404045	0.407775
215	-0.718376	0.661246	0.216080
216	-0.831036	-0.150019	0.535606
217	-0.425779	-0.904827	0.000000
218	-0.833627	-0.044637	0.550521
219	-0.717567	-0.663507	0.211792
220	-0.842616	0.176631	0.508724
221	-0.309017	0.951057	-0.000000
222	-0.839419	0.507162	0.195350
223	-0.588815	0.806419	0.054645
224	-0.679223	0.730231	0.073617
225	-0.888117	-0.246672	0.387815
226	-0.425779	0.904827	0.000000
227	-0.580624	-0.811271	0.068662
228	-0.830771	-0.522244	0.192566
229	-0.896406	0.053262	0.440022
230	-0.681008	-0.728324	0.075981
231	-0.535827	-0.844328	-0.000000
232	-0.927837	0.190142	0.320879
233	-0.923513	0.331639	0.192717
234	-0.917376	-0.093072	0.386987
235	-0.535827	0.844328	-0.000000
236	-0.777863	0.624003	0.074492
237	-0.911039	-0.354719	0.210198
238	-0.637424	0.770513	0.000000
239	-0.775640	-0.626823	0.073997
240	-0.903634	0.422522	0.070149
241	-0.637424	-0.770513	0.000000
242	-0.846944	0.528793	0.055342
243	-0.965624	-0.178720	0.188756
244	-0.728969	0.684547	-0.000000
245	-0.975017	0.023913	0.220840
246	-0.899559	-0.430596	0.073350
247	-0.972133	0.186356	0.142225
248	-0.843855	-0.533693	0.055504
249	-0.728969	-0.684547	-0.000000
250	-0.953870	0.293456	0.063367
251	-0.809017	0.587785	0.000000
252	-0.951718	-0.298190	0.072903
253	-0.876307	0.481754	-0.000000
254	-0.809017	-0.587785	0.000000
255	-0.995158	-0.065708	0.073092
256	-0.929776	0.368125	0.000000
257	-0.994829	0.076509	0.066800
258	-0.876307	-0.481754	-0.000000
259	-0.981206	-0.184999	0.054864
260	-0.981268	0.187006	0.046273
261	-0.929776	-0.368125	0.000000
262	-0.968583	0.248690	0.000000
263	-0.968583	-0.248690	0.000000
264	-1.000000	0.000000	0.000000
265	-0.992115	-0.125333	-0.000000
266	-0.992115	0.125333	-0.000000
267	0.996075	-0.062381	-0.062797
268	0.981106	-0.182787	-0.063397
269	0.996184	0.058781	-0.064520
270	0.979042	-0.117954	-0.166022
271	0.989095	-0.004785	-0.147200
272	0.960989	-0.231836	-0.150837
273	0.951509	-0.300451	-0.066024
274	0.978467	0.107905	-0.175953
275	0.980495	0.184094	-0.068835
276	0.951077	-0.010171	-0.308788
277	0.924316	-0.205694	-0.321450
278	0.923345	-0.338238	-0.181736
279	0.951877	0.246343	-0.182332
280	0.925831	0.161482	-0.341702
281	0.905899	-0.417545	-0.070730
282	0.840877	-0.076901	-0.535734
283	0.949102	0.307579	-0.067833
284	0.856069	-0.375231	-0.355453
285	0.867733	0.066626	-0.492544
286	0.785528	-0.247915	-0.566995
287	0.866263	-0.463770	-0.185756
288	0.877628	0.336916	-0.340964
289	0.919023	0.360012	-0.160588
290	0.809712	0.199439	-0.551898
291	0.845847	-0.528618	-0.071457
292	0.726578	0.052449	-0.685079
293	0.670772	-0.106469	-0.733982
294	0.720877	-0.418163	-0.552698
295	0.790343	-0.519526	-0.324732
296	0.903458	0.423061	-0.069159
297	0.864079	0.465700	-0.191027
298	0.808784	-0.562888	-0.170370
299	0.722272	0.355369	-0.593327
300	0.608669	-0.276686	-0.743618
301	0.640380	0.196833	-0.742408
302	0.583203	0.037429	-0.811464
303	0.778434	0.501605	-0.377403
304	0.772086	-0.630453	-0.080075
305	0.660901	-0.586761	-0.467890
306	0.841107	0.535996	-0.072436
307	0.516846	-0.134991	-0.845368
308	0.730649	-0.642180	-0.231855
309	0.534484	-0.447769	-0.716820
310	0.544208	0.350981	-0.762004
311	0.784471	0.590150	-0.190602
312	0.617743	0.512959	-0.596043
313	0.482119	0.191817	-0.854850
314	0.442709	-0.312713	-0.840369
315	0.408554	0.019232	-0.912531
316	0.664644	-0.740392	-0.100338
317	0.602609	-0.733879	-0.313502
318	0.466732	-0.651232	-0.598380
319	0.669838	0.660673	-0.338864
320	0.765229	0.640071	-0.068804
321	0.331715	-0.157889	-0.930073
322	0.433699	0.500079	-0.749551
323	0.359640	-0.487081	-0.795871
324	0.371872	0.348197	-0.860505
325	0.294854	0.175644	-0.939261
326	0.712417	0.683506	-0.158998
327	0.504756	0.661638	-0.554488
328	0.532425	-0.830079	-0.165809
329	0.253750	-0.336982	-0.906672
330	0.446573	-0.819139	-0.359977
331	0.213306	-0.000430	-0.976985
332	0.572925	-0.817768	-0.054888
333	0.263868	-0.633919	-0.726995
334	0.257053	0.499481	-0.827310
335	0.623863	0.761193	-0.177144
336	0.680289	0.729902	-0.066710
337	0.532283	0.780759	-0.327247
338	0.181583	0.333031	-0.925266
339	0.318674	0.634206	-0.704436
340	0.336298	-0.767920	-0.545164
341	0.136860	-0.175048	-0.975001
342	0.170284	-0.508272	-0.844194
343	0.100481	0.152853	-0.983127
344	0.377136	-0.910344	-0.170415
345	0.473563	-0.878589	-0.061800
346	0.390274	0.790923	-0.471304
347	0.059799	-0.355198	-0.932877
348	0.287783	-0.882032	-0.373096
349	0.583283	0.809553	-0.066377
350	0.023161	-0.019032	-0.999551
351	0.067092	0.488370	-0.870054
352	0.516417	0.840407	-0.164407
353	0.143129	0.636825	-0.757606
354	0.187500	-0.789985	-0.583754
355	0.085497	-0.655707	-0.750159
356	-0.011392	0.312368	-0.949893
357	0.419972	0.867766	-0.265719
358	0.222246	0.788647	-0.573274
359	-0.052430	-0.193556	-0.979687
360	0.372395	-0.926728	-0.049981
361	-0.020913	-0.526603	-0.849854
362	0.211824	-0.956632	-0.199965
363	-0.086619	0.132303	-0.987417
364	0.479700	0.875238	-0.062013
365	0.122889	-0.917511	-0.378248
366	0.287850	0.893259	-0.345299
367	0.266479	-0.961358	-0.069139
368	-0.046080	0.629261	-0.775827
369	-0.132648	-0.374217	-0.917805
370	-0.125820	0.468334	-0.874547
371	0.011237	-0.818473	-0.574435
372	0.426673	0.893628	-0.139211
373	-0.162530	-0.039472	-0.985914
374	0.041155	0.783522	-0.620000
375	-0.098883	-0.671611	-0.734276
376	-0.202869	0.292043	-0.934642
377	0.330558	0.927890	-0.172484
378	0.130575	0.909551	-0.394546
379	0.062125	-0.978837	-0.194985
380	-0.244587	-0.216595	-0.945126
381	0.132711	-0.988333	-0.074732
382	-0.208521	-0.538213	-0.816606
383	-0.278847	0.115141	-0.953408
384	-0.041836	-0.941005	-0.335798
385	0.373476	0.925459	-0.063568
386	-0.234112	0.600034	-0.764951
387	-0.163824	0.787636	-0.593962
388	0.200015	0.958619	-0.202593
389	-0.189129	-0.850520	-0.490761
390	-0.311893	0.440054	-0.842066
391	-0.321158	-0.389923	-0.863028
392	-0.037525	0.916165	-0.399040
393	-0.357855	-0.060559	-0.931811
394	-0.276739	-0.675319	-0.683637
395	-0.390301	0.269722	-0.880293
396	0.001279	-0.997393	-0.072143
397	0.256144	0.963929	-0.072332
398	-0.059771	-0.983629	-0.170001
399	0.052525	0.975063	-0.215622
400	-0.433276	-0.235199	-0.870031
401	-0.351175	0.718800	-0.600002
402	-0.191854	-0.957330	-0.216130
403	-0.382466	-0.538988	-0.750475
404	-0.467103	0.095201	-0.879063
405	-0.400406	0.555659	-0.728641
406	-0.180011	0.919053	-0.350624
407	-0.353015	-0.803108	-0.479998
408	0.125866	0.988906	-0.078881
409	-0.481675	0.407881	-0.775643
410	-0.318007	0.865417	-0.387202
411	-0.098464	0.973645	-0.205719
412	-0.331343	-0.893912	-0.301883
413	-0.493533	-0.395962	-0.774364
414	-0.126074	-0.989291	-0.073547
415	-0.540601	-0.078652	-0.837595
416	-0.450560	-0.693950	-0.561631
417	-0.559872	0.242755	-0.792221
418	-0.010606	0.996803	-0.079186
419	-0.487225	0.667311	-0.563300
420	-0.474463	0.788413	-0.391523
421	-0.598269	-0.244736	-0.763006
422	-0.315852	-0.935785	-0.156665
423	-0.563532	0.543566	-0.622068
424	-0.252130	-0.965075	-0.071145
425	-0.556135	-0.552075	-0.621231
426	-0.259272	0.948991	-0.179428
427	-0.628698	0.074261	-0.774095
428	-0.480198	-0.817529	-0.317894
429	-0.645639	0.381781	-0.661357
430	-0.145741	0.986711	-0.071834
431	-0.423122	0.882720	-0.204385
432	-0.660591	-0.404941	-0.632173
433	-0.419935	-0.891999	-0.167309
434	-0.695871	-0.090369	-0.712459
435	-0.608514	0.683777	-0.402691
436	-0.604940	-0.695055	-0.388518
437	-0.709427	0.213391	-0.671697
438	-0.369159	-0.927066	-0.065349
439	-0.581436	0.791408	-0.188694
440	-0.726112	0.538954	-0.426953
441	-0.758309	-0.260573	-0.597553
442	-0.254375	0.965650	-0.053048
443	-0.363933	0.928749	-0.070551
444	-0.720466	-0.557693	-0.412198
445	-0.770897	0.063437	-0.633794
446	-0.518109	-0.841397	-0.153668
447	-0.606765	-0.771182	-0.192650
448	-0.832262	0.347527	-0.431932
449	-0.490661	0.868394	-0.071725
450	-0.478228	-0.875849	-0.064700
451	-0.818821	-0.404045	-0.407775
452	-0.718376	0.661246	-0.216080
453	-0.831036	-0.150019	-0.535606
454	-0.833627	-0.044637	-0.550521
455	-0.717567	-0.663507	-0.211792
456	-0.842616	0.176631	-0.508724
457	-0.839419	0.507162	-0.195350
458	-0.588815	0.806419	-0.054645
459	-0.679223	0.730231	-0.073617
460	-0.888117	-0.246672	-0.387815
461	-0.580624	-0.811271	-0.068662
462	-0.830771	-0.522244	-0.192566
463	-0.896406	0.053262	-0.440022
464	-0.681008	-0.728324	-0.075981
465	-0.927837	0.190142	-0.320879
466	-0.923513	0.331639	-0.192717
467	-0.917376	-0.093072	-0.386987
468	-0.777863	0.624003	-0.074492
469	-0.911039	-0.354719	-0.210198
470	-0.775640	-0.626823	-0.073997
471	-0.903634	0.422522	-0.070149
472	-0.846944	0.528793	-0.055342
473	-0.965624	-0.178720	-0.188756
474	-0.975017	0.023913	-0.220840
475	-0.899559	-0.430596	-0.073350
476	-0.972133	0.186356	-0.142225
477	-0.843855	-0.533693	-0.055504
478	-0.953870	0.293456	-0.063367
479	-0.951718	-0.298190	-0.072903
480	-0.995158	-0.065708	-0.073092
481	-0.994829	0.076509	-0.066800
482	-0.981206	-0.184999	-0.054864
483	-0.981268	0.187006	-0.046273
