1446
0	1	0	1	0
1	2	0	0	2
2	2	1	482	0
3	3	0	3	1
4	1	3	4	1
5	4	0	2	5
6	0	5	3	6
7	2	4	2	7
8	6	1	4	486
9	0	7	6	5
10	3	5	8	3
11	6	3	9	4
12	2	8	7	489
13	4	7	5	11
14	8	4	7	12
15	3	9	10	8
16	5	7	13	6
17	10	3	10	9
18	5	9	8	15
19	4	11	11	14
20	6	10	16	9
21	4	12	14	12
22	7	11	17	11
23	5	13	18	13
24	5	14	15	18
25	10	9	19	10
26	8	12	12	20
27	7	13	13	17
28	15	6	16	498
29	12	11	14	22
30	14	9	15	21
31	11	13	17	23
32	8	17	20	502
33	15	10	24	16
34	9	16	19	21
35	10	16	25	19
36	14	13	26	18
37	17	12	20	28
38	18	11	22	27
39	10	20	24	25
40	12	18	22	29
41	14	16	21	30
42	11	19	23	27
43	13	19	31	23
44	22	12	28	29
45	21	13	32	26
46	15	20	33	24
47	21	14	26	34
48	20	16	35	25
49	14	23	30	36
50	24	13	31	32
51	18	19	27	37
52	17	22	28	39
53	23	16	30	38
54	25	15	33	515
55	22	18	29	40
56	26	14	34	36
57	27	16	38	35
58	24	19	41	31
59	25	20	43	33
60	21	24	45	32
61	17	29	39	521
62	18	28	37	42
63	20	27	46	35
64	26	21	47	34
65	28	19	37	44
66	18	30	42	40
67	26	23	36	48
68	31	19	44	41
69	27	23	49	38
70	29	22	39	50
71	22	30	40	53
72	20	32	43	46
73	33	21	45	52
74	34	21	52	47
75	31	24	41	51
76	25	32	55	43
77	33	24	51	45
78	35	23	48	54
79	28	30	56	42
80	32	27	57	46
81	37	22	50	53
82	23	36	49	54
83	31	28	58	44
84	34	26	47	59
85	26	35	48	60
86	38	25	55	537
87	27	36	61	49
88	33	31	63	51
89	29	37	50	64
90	34	33	65	52
91	37	30	53	62
92	28	39	66	56
93	27	40	57	61
94	42	26	59	60
95	41	28	68	58
96	30	39	56	62
97	38	32	69	55
98	35	36	54	71
99	32	40	70	57
100	41	31	58	67
101	29	44	64	546
102	43	31	67	63
103	28	46	68	66
104	37	39	62	73
105	36	40	61	75
106	42	34	74	59
107	43	33	63	72
108	42	35	60	77
109	45	33	72	65
110	47	32	70	69
111	45	34	65	76
112	44	37	64	78
113	35	48	71	79
114	50	34	76	74
115	43	41	81	67
116	48	36	71	80
117	38	47	83	69
118	46	39	84	66
119	37	49	73	78
120	41	46	85	68
121	51	36	80	75
122	52	35	77	79
123	47	40	82	70
124	49	39	73	86
125	45	43	87	72
126	51	40	75	82
127	54	38	83	565
128	42	50	89	74
129	44	49	78	90
130	53	41	88	81
131	52	42	91	77
132	55	39	86	84
133	45	50	76	93
134	43	53	92	81
135	56	41	85	88
136	47	51	94	82
137	51	48	95	80
138	58	42	89	91
139	57	43	92	87
140	52	48	79	98
141	54	47	96	83
142	55	46	84	99
143	57	45	87	97
144	56	46	100	85
145	44	59	90	572
146	49	55	86	101
147	60	45	97	93
148	47	61	96	94
149	59	49	90	102
150	58	50	104	89
151	53	56	107	88
152	57	53	109	92
153	58	52	91	108
154	60	50	93	106
155	46	64	100	99
156	48	62	95	103
157	63	48	98	103
158	61	51	105	94
159	51	62	105	95
160	65	49	102	101
161	54	61	111	96
162	52	63	98	110
163	66	50	106	104
164	60	57	112	97
165	55	64	99	114
166	65	55	101	115
167	68	52	108	110
168	53	67	113	107
169	56	64	116	100
170	53	69	109	113
171	67	56	117	107
172	61	62	118	105
173	70	54	111	593
174	59	65	102	120
175	58	66	121	104
176	63	62	103	123
177	60	66	106	124
178	68	58	122	108
179	57	69	119	109
180	55	72	114	115
181	71	57	119	112
182	73	56	116	117
183	70	61	126	111
184	71	60	112	125
185	68	63	110	127
186	59	75	120	602
187	76	58	121	122
188	61	74	129	118
189	74	62	128	118
190	69	67	130	113
191	64	72	131	114
192	65	72	115	132
193	73	64	133	116
194	78	60	125	124
195	77	62	123	128
196	75	65	120	134
197	79	61	129	126
198	71	69	135	119
199	77	63	137	123
200	67	73	136	117
201	76	66	138	121
202	80	63	127	140
203	76	68	122	142
204	78	66	124	141
205	64	82	139	131
206	83	65	134	132
207	81	67	143	130
208	68	80	127	145
209	64	84	133	139
210	70	79	147	126
211	78	71	148	125
212	81	69	130	144
213	63	87	137	140
214	74	77	149	128
215	79	74	150	129
216	67	86	143	136
217	85	69	144	135
218	88	66	141	138
219	72	82	131	146
220	83	72	132	146
221	71	85	151	135
222	89	68	142	145
223	73	84	152	133
224	75	83	134	153
225	86	73	154	136
226	90	70	147	629
227	91	71	151	148
228	76	88	156	138
229	77	87	158	137
230	83	82	146	160
231	89	76	157	142
232	92	74	149	155
233	88	78	161	141
234	85	81	162	144
235	82	84	139	164
236	93	74	155	150
237	81	86	166	143
238	73	94	154	152
239	80	87	140	167
240	90	79	159	147
241	89	80	145	168
242	92	77	163	149
243	78	91	165	148
244	75	95	153	635
245	93	79	150	159
246	96	76	156	157
247	77	97	163	158
248	91	85	170	151
249	99	78	165	161
250	95	83	153	169
251	94	84	173	152
252	98	82	160	171
253	86	94	175	154
254	83	98	160	169
255	100	81	172	162
256	90	93	178	159
257	81	102	172	166
258	103	80	174	167
259	101	82	171	164
260	96	88	180	156
261	97	87	176	158
262	104	80	168	174
263	93	92	181	155
264	89	96	184	157
265	85	100	177	162
266	101	84	164	179
267	88	99	183	161
268	102	86	182	166
269	92	97	185	163
270	103	87	167	176
271	99	91	186	165
272	85	105	170	177
273	84	106	173	179
274	95	98	169	188
275	104	89	187	168
276	86	107	182	175
277	91	105	189	170
278	88	109	180	183
279	108	90	178	660
280	98	101	171	191
281	111	89	184	187
282	103	97	176	192
283	94	106	193	173
284	108	93	190	178
285	94	107	175	194
286	110	92	195	181
287	100	102	196	172
288	93	110	190	181
289	92	112	197	185
290	91	113	186	189
291	96	109	199	180
292	105	100	200	177
293	101	106	179	204
294	111	96	202	184
295	104	103	174	203
296	109	99	205	183
297	95	114	188	670
298	112	97	198	185
299	102	107	206	182
300	118	92	197	195
301	94	117	194	193
302	114	98	188	201
303	99	113	207	186
304	115	98	201	191
305	116	97	192	198
306	104	111	210	187
307	115	101	191	208
308	96	120	202	199
309	108	110	212	190
310	105	113	189	214
311	100	119	209	196
312	116	103	211	192
313	100	121	200	209
314	119	102	213	196
315	99	124	205	207
316	117	106	215	193
317	107	117	218	194
318	101	123	204	208
319	122	103	203	211
320	122	104	216	203
321	105	121	217	200
322	102	125	213	206
323	118	110	195	219
324	112	116	221	198
325	114	115	201	222
326	109	120	199	224
327	123	106	204	220
328	118	112	225	197
329	126	104	210	216
330	111	120	227	202
331	107	125	206	223
332	109	124	226	205
333	105	128	214	217
334	127	108	212	694
335	129	106	220	215
336	127	110	219	212
337	126	111	228	210
338	124	113	229	207
339	107	130	223	218
340	115	123	208	231
341	116	122	230	211
342	121	119	234	209
343	113	128	233	214
344	109	133	224	226
345	131	112	221	232
346	119	125	236	213
347	127	118	238	219
348	114	132	222	704
349	134	112	232	225
350	111	135	228	227
351	117	129	239	215
352	132	115	222	237
353	131	116	235	221
354	130	117	240	218
355	122	126	242	216
356	136	113	233	229
357	121	128	217	244
358	134	118	225	243
359	123	129	220	241
360	138	115	237	231
361	116	137	235	230
362	133	120	224	246
363	135	120	247	227
364	125	130	248	223
365	124	133	226	250
366	119	139	234	245
367	141	118	243	238
368	137	122	249	230
369	119	140	245	236
370	142	117	239	240
371	124	136	252	229
372	121	139	251	234
373	126	135	253	228
374	138	123	231	241
375	136	128	255	233
376	134	131	256	232
377	122	143	249	242
378	121	144	244	251
379	120	145	247	246
380	125	140	236	254
381	138	129	241	258
382	141	127	238	720
383	131	137	259	235
384	143	126	257	242
385	132	138	237	262
386	124	147	250	252
387	142	129	261	239
388	125	146	254	248
389	128	144	260	244
390	142	130	240	263
391	126	148	257	253
392	141	134	264	243
393	130	146	248	265
394	149	128	260	255
395	133	145	246	267
396	139	140	269	245
397	151	129	258	261
398	137	143	270	249
399	133	147	268	250
400	135	145	272	247
401	150	131	266	256
402	147	136	275	252
403	148	135	274	253
404	144	139	276	251
405	131	152	266	259
406	134	150	271	256
407	130	154	265	263
408	132	153	262	744
409	136	149	277	255
410	140	146	279	254
411	155	134	271	264
412	138	151	258	273
413	137	152	259	278
414	133	156	267	268
415	153	138	262	273
416	143	148	280	257
417	151	142	261	281
418	149	144	283	260
419	135	159	274	272
420	158	137	270	278
421	155	141	264	746
422	136	160	275	277
423	139	157	282	269
424	142	154	263	284
425	140	157	269	285
426	139	161	276	282
427	154	146	265	286
428	158	143	288	270
429	156	145	267	289
430	150	152	291	266
431	140	162	287	279
432	147	156	268	293
433	153	151	273	296
434	159	145	292	272
435	155	150	297	271
436	144	161	290	276
437	164	142	281	284
438	143	163	294	280
439	166	140	287	285
440	147	160	298	275
441	148	159	300	274
442	162	146	295	279
443	160	149	301	277
444	144	165	283	290
445	158	152	278	299
446	143	168	288	294
447	148	163	280	302
448	167	146	286	295
449	145	169	292	289
450	149	165	304	283
451	164	151	303	281
452	164	154	284	306
453	147	171	293	298
454	161	157	307	282
455	170	150	291	305
456	167	154	308	286
457	148	174	302	300
458	170	152	299	291
459	173	150	305	297
460	172	151	296	303
461	166	157	285	309
462	149	175	301	304
463	153	172	296	778
464	156	169	289	310
465	165	161	313	290
466	158	168	311	288
467	156	171	312	293
468	173	155	297	779
469	170	158	314	299
470	159	169	315	292
471	166	162	316	287
472	167	162	295	318
473	176	154	306	308
474	160	171	298	319
475	163	168	294	321
476	159	174	300	320
477	157	177	307	317
478	178	157	309	317
479	156	179	310	312
480	160	175	323	301
481	172	164	303	325
482	174	163	302	326
483	161	177	322	307
484	158	180	324	311
485	176	164	327	306
486	182	158	324	314
487	165	175	304	328
488	159	183	320	315
489	161	181	313	322
490	173	170	330	305
491	176	167	308	329
492	166	178	309	332
493	160	185	319	323
494	184	162	318	316
495	165	181	331	313
496	169	179	334	310
497	180	168	336	311
498	163	186	321	326
499	184	166	316	335
500	171	179	312	338
501	187	164	325	327
502	184	167	333	318
503	170	182	337	314
504	169	183	315	339
505	165	188	328	331
506	186	168	321	340
507	178	177	317	342
508	189	167	329	333
509	171	185	341	319
510	191	166	335	332
511	183	174	320	343
512	181	177	344	322
513	172	187	325	807
514	190	170	337	330
515	175	185	323	346
516	174	186	326	345
517	193	168	340	336
518	169	192	339	334
519	182	180	347	324
520	187	176	327	349
521	190	173	330	812
522	175	188	348	328
523	176	189	329	350
524	171	194	338	341
525	191	178	332	351
526	188	181	352	331
527	174	196	345	343
528	179	192	334	354
529	190	182	356	337
530	175	197	346	348
531	195	177	342	344
532	189	184	333	358
533	179	194	357	338
534	195	178	355	342
535	193	180	336	353
536	199	176	349	350
537	184	191	335	360
538	192	183	339	361
539	195	181	344	359
540	200	178	351	355
541	198	180	353	347
542	185	194	341	364
543	183	196	343	363
544	193	186	365	340
545	198	182	347	362
546	179	202	354	357
547	201	181	359	352
548	185	197	366	346
549	196	186	345	367
550	203	182	362	356
551	197	188	369	348
552	187	199	349	831
553	199	189	350	370
554	204	184	358	368
555	205	184	368	360
556	188	201	371	352
557	183	206	363	361
558	198	193	375	353
559	200	191	372	351
560	185	207	364	366
561	203	190	356	838
562	189	204	358	374
563	186	208	365	373
564	192	202	377	354
565	200	195	355	378
566	209	186	367	373
567	205	191	360	376
568	194	202	357	381
569	195	201	359	379
570	192	206	361	380
571	210	188	371	369
572	211	189	370	374
573	203	198	383	362
574	194	207	384	364
575	193	208	382	365
576	206	196	363	385
577	212	191	376	372
578	197	207	366	386
579	209	196	387	367
580	213	193	382	375
581	192	214	380	377
582	210	197	369	388
583	205	204	391	368
584	199	211	370	852
585	215	195	378	379
586	194	216	381	390
587	198	213	389	375
588	210	201	392	371
589	212	200	372	393
590	194	218	390	384
591	217	198	389	383
592	211	204	374	394
593	200	215	378	396
594	196	219	387	385
595	215	201	379	395
596	214	202	397	377
597	205	212	376	398
598	209	208	373	400
599	197	220	386	388
600	216	202	381	399
601	217	203	383	865
602	214	206	380	403
603	213	208	402	382
604	223	200	393	401
605	222	201	395	392
606	224	200	401	396
607	221	204	394	391
608	206	219	385	405
609	207	218	384	406
610	221	205	391	404
611	225	202	399	397
612	207	220	407	386
613	209	219	408	387
614	217	213	409	389
615	210	220	388	410
616	226	205	404	398
617	211	221	394	876
618	222	210	392	411
619	228	206	403	405
620	218	216	390	413
621	212	223	393	414
622	227	208	400	402
623	227	209	412	400
624	229	207	407	406
625	222	215	417	395
626	226	212	398	416
627	230	209	408	412
628	224	215	396	419
629	225	214	397	421
630	227	213	402	415
631	225	216	420	399
632	210	232	410	418
633	228	214	422	403
634	233	210	411	418
635	231	213	415	409
636	221	226	404	886
637	235	212	416	414
638	224	223	425	401
639	229	218	406	424
640	228	219	405	426
641	231	217	409	891
642	230	219	427	408
643	229	220	423	407
644	234	216	413	420
645	236	215	419	417
646	237	214	421	422
647	234	218	424	413
648	232	220	410	423
649	222	233	411	428
650	227	230	430	412
651	231	227	431	415
652	235	223	414	429
653	236	222	417	432
654	239	219	426	427
655	225	234	433	420
656	224	236	419	434
657	238	223	429	425
658	226	235	416	898
659	229	232	438	423
660	238	224	425	437
661	237	225	436	421
662	240	222	435	428
663	229	234	424	439
664	242	222	432	435
665	233	232	418	441
666	228	237	440	422
667	239	228	442	426
668	244	224	437	434
669	241	227	430	431
670	243	225	433	436
671	239	230	427	443
672	241	230	444	430
673	241	231	431	913
674	235	238	429	911
675	240	233	428	447
676	246	228	440	445
677	245	229	438	439
678	248	228	445	442
679	245	232	448	438
680	243	234	446	433
681	236	242	432	449
682	249	230	443	444
683	245	234	439	446
684	247	232	441	448
685	244	236	434	451
686	247	233	450	441
687	243	237	436	452
688	238	244	437	919
689	240	242	453	435
690	250	233	447	450
691	246	237	454	440
692	239	248	455	442
693	251	236	451	449
694	249	239	456	443
695	243	245	457	446
696	252	237	452	454
697	249	241	444	926
698	240	250	447	459
699	247	245	448	461
700	253	240	453	460
701	254	239	455	456
702	251	242	449	458
703	246	248	445	462
704	244	251	451	933
705	253	242	458	453
706	252	243	463	452
707	256	240	460	459
708	250	247	450	465
709	252	246	454	467
710	255	243	457	464
711	255	245	466	457
712	254	248	468	455
713	257	245	461	466
714	259	243	464	463
715	254	249	456	938
716	251	253	458	940
717	258	246	470	462
718	257	247	469	461
719	256	250	459	471
720	258	248	462	468
721	261	246	467	470
722	260	247	465	469
723	253	256	460	942
724	250	260	465	472
725	252	259	473	463
726	258	254	468	950
727	262	250	471	472
728	257	255	466	474
729	261	252	475	467
730	259	255	476	464
731	263	252	473	475
732	257	260	477	469
733	256	262	471	953
734	261	258	470	952
735	264	255	474	478
736	265	255	478	476
737	264	257	479	474
738	263	259	480	473
739	262	260	472	481
740	266	257	477	479
741	263	261	475	957
742	265	259	476	480
743	266	260	481	477
744	262	266	481	963
745	265	263	480	962
746	264	265	478	960
747	266	264	479	961
748	1	267	483	482
749	2	267	482	484
751	268	267	485	483
752	1	268	486	483
753	269	267	484	487
754	267	270	485	488
755	2	269	484	489
757	267	271	488	487
758	268	270	490	485
759	6	268	491	486
761	269	271	487	493
762	8	269	489	494
763	268	272	492	490
764	270	271	495	488
765	273	268	492	491
766	270	272	490	497
767	269	274	493	496
768	6	273	498	491
769	269	275	496	494
770	271	274	499	493
771	270	276	500	495
772	270	277	497	500
773	273	272	501	492
774	8	275	494	502
775	271	276	495	499
777	275	274	496	504
778	277	272	497	503
779	274	276	499	505
781	15	273	506	498
782	272	278	501	503
783	273	278	507	501
784	277	276	508	500
785	17	275	502	510
786	279	274	504	509
787	273	281	506	507
788	275	279	504	511
789	277	278	503	512
790	274	280	505	509
791	276	280	513	505
792	283	275	510	511
793	282	276	514	508
794	15	281	515	506
795	282	277	508	516
796	281	278	517	507
797	277	284	512	518
798	285	276	513	514
799	279	280	509	519
800	17	283	510	521
801	284	278	512	520
803	283	279	511	522
804	286	277	516	518
805	287	278	520	517
806	285	280	523	513
807	25	281	525	515
808	282	285	527	514
810	279	288	519	524
811	281	287	528	517
812	286	282	529	516
813	288	280	519	526
814	279	289	524	522
815	286	284	518	530
816	290	280	526	523
817	287	284	531	520
818	29	283	521	532
819	283	289	522	535
820	281	291	525	528
821	292	282	527	534
822	293	282	534	529
823	290	285	523	533
824	25	291	537	525
825	292	285	533	527
826	294	284	530	536
827	288	289	538	524
828	291	287	539	528
829	296	283	532	535
830	284	295	531	536
831	290	288	540	526
832	293	286	529	541
833	286	294	530	542
835	287	295	543	531
836	292	290	545	533
837	29	296	532	546
838	293	292	547	534
839	296	289	535	544
840	288	297	548	538
841	287	298	539	543
842	300	286	541	542
843	299	288	550	540
844	289	297	538	544
845	38	291	551	537
846	294	295	536	553
847	291	298	552	539
848	299	290	540	549
850	301	290	549	545
851	288	303	550	548
852	296	297	544	555
853	295	298	543	557
854	300	293	556	541
855	301	292	545	554
856	300	294	542	559
857	302	292	554	547
858	304	291	552	551
859	302	293	547	558
860	44	296	546	560
861	294	305	553	561
862	307	293	558	556
863	301	299	563	549
864	305	295	553	562
865	38	304	565	551
866	303	297	566	548
867	296	306	555	560
868	299	303	567	550
869	308	295	562	557
870	309	294	559	561
871	304	298	564	552
872	306	297	555	568
873	302	301	569	554
874	308	298	557	564
876	300	307	571	556
877	44	306	560	572
878	310	299	570	563
879	309	300	573	559
880	311	297	568	566
881	302	307	558	575
882	301	310	574	563
883	312	299	567	570
884	304	308	576	564
885	308	305	577	562
886	314	300	571	573
887	313	301	574	569
888	309	305	561	580
889	54	304	578	565
890	311	303	566	581
891	313	302	569	579
892	312	303	582	567
894	306	311	568	583
895	315	302	579	575
896	304	316	578	576
897	59	306	572	584
898	314	307	586	571
899	310	312	589	570
900	313	310	591	574
901	314	309	573	590
902	315	307	575	588
903	303	319	582	581
904	305	317	577	585
905	318	305	580	585
906	316	308	587	576
907	308	317	587	577
908	320	306	584	583
909	54	316	593	578
910	309	318	580	592
911	321	307	588	586
912	315	313	594	579
913	311	319	581	596
914	320	311	583	597
915	323	309	590	592
916	310	322	595	589
917	312	319	598	582
918	310	324	591	595
919	322	312	599	589
920	316	317	600	587
922	59	320	584	602
923	314	321	603	586
924	318	317	585	605
925	315	321	588	606
926	323	314	604	590
927	313	324	601	591
928	311	326	596	597
929	325	313	601	594
930	327	312	598	599
931	70	316	608	593
932	325	315	594	607
933	323	318	592	609
935	329	314	603	604
936	316	328	611	600
937	328	317	610	600
938	324	322	612	595
939	319	326	613	596
940	320	326	597	614
941	327	319	615	598
942	331	315	607	606
943	330	317	605	610
944	75	320	602	616
945	332	316	611	608
946	325	324	617	601
947	330	318	619	605
948	322	327	618	599
949	329	321	620	603
950	333	318	609	622
951	329	323	604	624
952	331	321	606	623
953	319	335	621	613
954	336	320	616	614
955	334	322	625	612
956	323	333	609	627
957	319	337	615	621
958	70	332	629	608
959	331	325	630	607
960	334	324	612	626
961	318	340	619	622
962	328	330	631	610
963	332	328	632	611
964	322	339	625	618
965	338	324	626	617
966	341	321	623	620
967	326	335	613	628
968	336	326	614	628
969	325	338	633	617
970	342	323	624	627
971	327	337	634	615
972	75	336	616	635
973	339	327	636	618
975	343	325	633	630
976	329	341	638	620
977	330	340	640	619
978	336	335	628	642
979	342	329	639	624
980	344	328	631	637
981	341	331	643	623
982	338	334	644	626
983	335	337	621	646
984	345	328	637	632
985	334	339	648	625
986	327	346	636	634
987	333	340	622	649
988	90	332	641	629
989	342	333	627	650
990	344	330	645	631
991	331	343	647	630
993	345	332	632	641
994	347	329	638	639
995	330	348	645	640
996	343	338	652	633
997	350	331	647	643
998	95	336	635	651
999	346	337	655	634
1000	349	335	642	653
1001	339	346	657	636
1002	336	349	642	651
1003	351	334	654	644
1004	90	345	660	641
1005	334	353	654	648
1006	354	333	656	649
1007	352	335	653	646
1008	347	341	662	638
1009	348	340	658	640
1010	355	333	650	656
1011	345	344	663	637
1012	342	347	666	639
1013	338	351	659	644
1014	352	337	646	661
1015	341	350	665	643
1016	353	339	664	648
1017	344	348	667	645
1018	354	340	649	658
1019	350	343	668	647
1020	338	356	652	659
1021	337	357	655	661
1022	95	349	651	670
1023	355	342	669	650
1024	339	358	664	657
1025	343	356	671	652
1026	341	359	662	665
1028	349	352	653	673
1029	361	342	666	669
1030	354	348	658	674
1031	346	357	675	655
1032	108	345	672	660
1033	346	358	657	676
1034	360	344	677	663
1035	351	353	678	654
1036	345	360	672	663
1037	344	362	679	667
1038	343	363	668	671
1039	347	359	681	662
1040	356	351	682	659
1041	352	357	661	686
1042	361	347	684	666
1043	355	354	656	685
1044	359	350	687	665
1046	362	348	680	667
1047	353	358	688	664
1048	367	344	679	677
1049	346	366	676	675
1050	114	349	670	683
1051	350	363	689	668
1052	364	349	683	673
1053	365	348	674	680
1054	355	361	692	669
1055	364	352	673	690
1056	347	369	684	681
1057	108	360	694	672
1058	356	363	671	696
1059	351	368	691	678
1060	365	354	693	674
1061	351	370	682	691
1062	368	353	695	678
1063	350	373	687	689
1064	366	357	697	675
1065	358	366	700	676
1066	352	372	686	690
1067	371	354	685	693
1068	371	355	698	685
1069	356	370	699	682
1070	353	374	695	688
1071	367	360	677	701
1072	362	365	703	680
1073	114	364	683	704
1074	359	369	681	706
1075	372	357	686	702
1076	367	362	707	679
1077	375	355	692	698
1078	361	369	709	684
1079	358	374	688	705
1080	359	373	708	687
1081	356	376	696	699
1083	377	357	702	697
1084	127	360	701	694
1085	375	361	710	692
1086	373	363	711	689
1087	358	378	705	700
1088	364	372	690	713
1089	365	371	712	693
1090	370	368	716	691
1091	363	376	715	696
1092	359	380	706	708
1093	379	362	703	714
1094	368	374	718	695
1095	127	367	720	701
1097	381	362	714	707
1098	361	382	710	709
1099	366	377	721	697
1100	132	364	704	719
1101	379	365	717	703
1102	378	366	722	700
1103	371	375	724	698
1104	383	363	715	711
1105	370	376	699	726
1106	381	367	707	725
1107	372	377	702	723
1108	385	364	719	713
1109	365	384	717	712
1110	380	369	706	728
1111	382	369	729	709
1112	374	378	730	705
1113	373	380	708	732
1114	368	386	716	727
1115	141	367	725	720
1116	384	371	731	712
1117	368	387	727	718
1118	388	366	721	722
1119	373	383	734	711
1120	370	386	733	716
1121	375	382	735	710
1122	385	372	713	723
1123	383	376	737	715
1124	381	379	738	714
1125	371	389	731	724
1126	370	390	726	733
1127	369	391	729	728
1128	374	387	718	736
1129	385	377	723	740
1131	379	384	741	717
1132	389	375	739	724
1133	132	385	719	744
1134	373	393	732	734
1135	388	377	743	721
1136	374	392	736	730
1137	376	390	742	726
1138	388	378	722	745
1139	375	394	739	735
1140	141	381	746	725
1141	378	392	730	747
1142	395	376	742	737
1143	380	391	728	749
1144	386	387	751	727
1145	397	377	740	743
1146	384	389	752	731
1147	380	393	750	732
1148	382	391	754	729
1149	396	379	748	738
1150	393	383	757	734
1151	394	382	756	735
1152	390	386	758	733
1153	379	398	748	741
1154	381	396	753	738
1155	378	399	747	745
1157	383	395	759	737
1158	387	392	761	736
1159	155	381	753	746
1160	385	397	740	755
1161	384	398	741	760
1162	380	400	749	750
1163	153	385	744	755
1164	389	394	762	739
1165	397	388	743	763
1166	395	390	765	742
1167	382	403	756	754
1168	402	384	752	760
1170	383	404	757	759
1171	386	401	764	751
1172	388	399	745	766
1173	387	401	751	767
1174	386	405	758	764
1175	399	392	747	768
1176	402	389	770	752
1177	400	391	749	771
1178	396	398	773	748
1179	387	406	769	761
1180	393	400	750	775
1181	153	397	755	778
1182	403	391	774	754
1183	155	396	779	753
1184	390	405	772	758
1185	408	388	763	766
1186	389	407	776	762
1187	410	387	769	767
1188	393	404	780	757
1189	394	403	782	756
1190	406	392	777	761
1191	404	395	783	759
1192	390	409	765	772
1193	402	398	760	781
1194	389	412	770	776
1195	394	407	762	784
1196	411	392	768	777
1197	391	413	774	771
1198	395	409	786	765
1199	408	397	785	763
1200	408	399	766	788
1201	393	415	775	780
1202	405	401	789	764
1203	414	396	773	787
1204	411	399	790	768
1205	394	416	784	782
1206	414	398	781	773
1207	173	396	787	779
1208	172	397	778	785
1209	410	401	767	791
1210	395	417	783	786
1212	400	413	771	792
1213	409	405	795	772
1214	402	412	793	770
1215	400	415	794	775
1217	414	402	796	781
1218	403	413	797	774
1219	410	406	798	769
1220	411	406	777	800
1221	418	399	788	790
1222	404	415	780	801
1223	407	412	776	803
1224	403	416	782	802
1225	401	419	789	799
1226	420	401	791	799
1227	400	421	792	794
1228	404	417	805	783
1229	172	408	785	807
1230	416	407	784	808
1231	405	419	804	789
1232	402	422	806	793
1233	418	408	809	788
1234	424	402	806	796
1235	409	417	786	810
1236	403	425	802	797
1237	405	423	795	804
1238	173	414	812	787
1239	418	411	790	811
1240	410	420	791	814
1241	404	427	801	805
1242	426	406	800	798
1243	409	423	813	795
1244	413	421	816	792
1245	422	412	818	793
1246	407	428	803	808
1247	426	410	798	817
1248	415	421	794	820
1249	187	408	807	809
1250	426	411	815	800
1251	414	424	819	796
1252	413	425	797	821
1253	409	429	810	813
1254	428	412	803	822
1255	420	419	799	824
1256	430	411	811	815
1257	415	427	823	801
1258	431	410	817	814
1259	425	416	802	825
1260	423	419	826	804
1262	190	414	819	812
1263	417	427	805	828
1264	416	428	808	827
1265	433	412	822	818
1266	413	432	821	816
1267	424	422	829	806
1268	187	418	809	831
1270	417	429	830	810
1271	418	430	811	832
1272	415	434	820	823
1273	431	420	814	833
1274	429	423	834	813
1275	416	436	827	825
1276	421	432	816	836
1277	190	424	838	819
1278	417	437	828	830
1279	435	419	824	826
1280	430	426	815	840
1281	421	434	839	820
1282	435	420	837	824
1283	433	422	818	835
1284	199	418	831	832
1285	426	431	817	842
1286	432	425	821	843
1287	435	423	826	841
1288	439	420	833	837
1289	438	422	835	829
1290	427	434	823	846
1291	425	436	825	845
1292	433	428	847	822
1293	438	424	829	844
1294	421	441	836	839
1295	440	423	841	834
1296	427	437	848	828
1297	436	428	827	849
1298	203	424	844	838
1299	437	429	851	830
1301	199	430	832	852
1302	442	426	840	850
1303	443	426	850	842
1304	429	440	853	834
1305	425	444	845	843
1306	438	433	857	835
1307	439	431	854	833
1308	427	445	846	848
1310	430	442	840	856
1311	428	446	847	855
1312	432	441	859	836
1313	439	435	837	860
1314	447	428	849	855
1315	443	431	842	858
1316	434	441	839	863
1317	435	440	841	861
1318	432	444	843	862
1319	448	429	853	851
1320	211	430	852	856
1321	203	438	865	844
1322	434	445	866	846
1323	433	446	864	847
1324	444	436	845	867
1325	449	431	858	854
1326	437	445	848	868
1327	447	436	869	849
1328	450	433	864	857
1329	432	451	862	859
1330	448	437	851	870
1331	443	442	873	850
1333	452	435	860	861
1334	434	453	863	872
1335	438	450	871	857
1336	448	440	874	853
1337	449	439	854	875
1338	434	454	872	866
1339	217	438	871	865
1340	211	442	856	876
1341	439	452	860	878
1342	436	455	869	867
1343	452	440	861	877
1344	451	441	879	859
1345	443	449	858	880
1346	447	446	855	882
1347	437	456	868	870
1348	453	441	863	881
1350	451	444	862	885
1351	450	446	884	864
1352	458	439	875	883
1353	457	440	877	874
1354	459	439	883	878
1355	221	442	876	873
1356	444	455	867	887
1357	445	454	866	888
1358	221	443	873	886
1359	460	441	881	879
1360	445	456	889	868
1361	447	455	890	869
1362	217	450	891	871
1363	448	456	870	892
1364	226	443	886	880
1366	457	448	874	893
1367	462	444	885	887
1368	454	453	872	895
1369	449	458	875	896
1370	461	446	882	884
1371	461	447	894	882
1372	463	445	889	888
1373	457	452	899	877
1374	226	449	880	898
1375	464	447	890	894
1376	459	452	878	901
1377	460	451	879	903
1378	461	450	884	897
1379	460	453	902	881
1380	448	465	892	900
1381	462	451	904	885
1382	466	448	893	900
1383	231	450	897	891
1385	235	449	898	896
1386	459	458	907	883
1387	463	454	888	906
1388	462	455	887	908
1390	464	455	909	890
1391	463	456	905	889
1392	467	453	895	902
1393	468	452	901	899
1394	469	451	903	904
1395	467	454	906	895
1396	465	456	892	905
1397	457	466	893	910
1398	461	464	912	894
1399	231	461	913	897
1400	235	458	896	911
1401	468	457	899	914
1402	470	455	908	909
1403	460	467	915	902
1404	459	468	901	916
1405	238	458	911	907
1407	463	465	920	905
1408	238	459	907	919
1409	469	460	918	903
1410	471	457	917	910
1411	463	467	906	921
1412	472	457	914	917
1413	466	465	900	923
1414	462	469	922	904
1415	470	462	924	908
1416	244	459	919	916
1417	241	461	912	913
1418	473	460	915	918
1419	470	464	909	925
1420	241	464	926	912
1423	471	466	910	929
1424	475	462	922	927
1425	474	463	920	921
1426	477	462	927	924
1427	474	465	930	920
1428	473	467	928	915
1429	468	472	914	931
1430	249	464	925	926
1431	474	467	921	928
1432	476	465	923	930
1433	244	468	916	933
1434	476	466	932	923
1435	473	469	918	934
1437	471	472	935	917
1438	478	466	929	932
1439	475	469	936	922
1440	470	477	937	924
1441	251	468	933	931
1442	249	470	938	925
1443	473	474	939	928
1444	479	469	934	936
1446	471	478	929	941
1447	476	474	930	943
1448	253	471	935	942
1449	254	470	937	938
1450	251	472	931	940
1451	475	477	927	944
1453	253	472	940	935
1454	479	473	945	934
1455	256	471	942	941
1456	478	476	932	947
1457	479	475	936	949
1458	480	473	939	946
1459	480	474	948	939
1460	254	477	950	937
1461	481	474	943	948
1462	482	473	946	945
1465	258	475	952	944
1466	481	476	951	943
1467	256	478	941	953
1468	258	477	944	950
1469	261	475	949	952
1470	483	476	947	951
1472	478	483	947	954
1473	479	482	955	945
1475	262	478	953	954
1476	481	480	948	956
1477	261	479	957	949
1478	482	480	958	946
1479	263	479	955	957
1480	481	483	959	951
1483	264	480	956	960
1484	265	480	960	958
1485	264	481	961	956
1486	263	482	962	955
1487	262	483	954	963
1488	266	481	959	961
1490	265	482	958	962
1491	266	483	963	959
